C:\Users\User1\STM32CubeIDE\workspace_1.5.0\audio\tools\sample-data-easy_loud.txt   1 channel (mono)
Sample Rate: 16000 Hz. Sample values on linear scale.
Length processed: 10474 samples 0.65463 seconds.
easy

0.00653
0.01083
0.00958
0.01001
0.00830
0.00586
0.00592
0.00555
0.00360
0.00204
0.00049
-0.00067
-0.00226
-0.00281
-0.00458
-0.00586
-0.00830
-0.00998
-0.00946
-0.01129
-0.01563
-0.01563
-0.01343
-0.01431
-0.01999
-0.02115
-0.01636
-0.01865
-0.02075
-0.02243
-0.01794
-0.01657
-0.02139
-0.02475
-0.01822
-0.01324
-0.01782
-0.02069
-0.01736
-0.01248
-0.01526
-0.01736
-0.01144
-0.00479
-0.01031
-0.01486
-0.00677
-0.00006
-0.00238
-0.00735
-0.00262
0.00894
0.00699
-0.00137
0.00137
0.01709
0.02066
0.00470
0.00711
0.02649
0.03180
0.01608
0.01862
0.04022
0.04846
0.02054
0.02127
0.03128
0.09308
0.10550
-0.05972
0.03183
0.13031
0.03156
0.08096
0.04602
-0.01956
0.09607
0.09579
-0.06659
0.10220
0.09903
-0.11560
0.07065
0.04211
-0.04074
0.02628
-0.05649
-0.03357
-0.00143
-0.06924
-0.10114
-0.05807
-0.03537
-0.12604
-0.15848
-0.07434
-0.08502
-0.15656
-0.14340
-0.12131
-0.10748
-0.15466
-0.17813
-0.11420
-0.02805
-0.05954
-0.23398
-0.16620
0.05206
0.03760
-0.11661
-0.06403
0.00766
0.03171
0.09741
-0.03769
0.08243
0.22363
0.02048
0.05011
0.20386
0.21362
0.15842
0.11108
0.15457
0.25937
0.21591
0.09531
0.18552
0.25104
0.18222
0.08679
0.09998
0.24310
0.17566
0.03244
0.04517
0.10129
0.12790
0.03494
-0.02301
0.02798
0.01691
-0.03268
-0.05817
-0.05914
-0.02515
-0.06393
-0.15952
-0.12256
-0.07483
-0.11697
-0.14246
-0.16806
-0.17657
-0.13553
-0.14774
-0.20044
-0.15570
-0.14053
-0.19232
-0.19339
-0.17017
-0.10486
-0.12485
-0.19257
-0.14105
-0.09720
-0.08997
-0.09256
-0.10190
-0.04416
-0.00671
-0.06870
-0.04538
0.05807
0.04062
0.02023
0.03894
0.05533
0.11249
0.11713
0.08096
0.12192
0.14581
0.12045
0.13861
0.16034
0.16760
0.14661
0.13638
0.13602
0.15396
0.17038
0.10419
0.12308
0.11600
0.07996
0.12418
0.05569
0.05148
0.08542
0.01376
0.02103
0.02441
-0.00085
0.00900
-0.03125
-0.04123
-0.01407
-0.03482
-0.04446
-0.05002
-0.06747
-0.04727
-0.03885
-0.08469
-0.04303
-0.04071
-0.08173
-0.05127
-0.05670
-0.04874
-0.02832
-0.05737
-0.06177
-0.03699
-0.04303
-0.04895
-0.02466
-0.03915
-0.05930
-0.05493
-0.04327
-0.02533
-0.05176
-0.06464
-0.05600
-0.06702
-0.03793
-0.05048
-0.08817
-0.04559
-0.06134
-0.07642
-0.04474
-0.07584
-0.04199
-0.03711
-0.08606
-0.05264
-0.01709
-0.05457
-0.02933
-0.01663
-0.04599
0.00430
-0.01086
-0.01202
0.02274
0.03497
0.02838
0.02219
0.06995
0.07159
0.07379
0.08261
0.09174
0.12006
0.13489
0.12048
0.12018
0.16568
0.16104
0.14297
0.16586
0.17831
0.17902
0.16772
0.14673
0.16760
0.19806
0.15189
0.12332
0.13718
0.13681
0.11526
0.09085
0.07251
0.06665
0.05151
-0.00659
-0.00378
-0.01096
-0.03461
-0.08337
-0.13074
-0.07266
-0.12674
-0.18979
-0.16644
-0.17807
-0.20511
-0.23169
-0.24121
-0.22571
-0.21368
-0.27383
-0.27881
-0.20938
-0.23795
-0.25897
-0.22607
-0.20847
-0.18311
-0.23062
-0.18756
-0.11111
-0.15543
-0.13333
-0.10446
-0.07196
-0.05331
-0.08105
-0.02826
0.03992
0.01071
0.00134
0.06055
0.09439
0.13113
0.04663
0.05597
0.21313
0.22324
0.24301
0.06940
0.05008
0.38293
0.32928
0.11975
0.21591
0.29425
0.24341
0.32980
0.15704
0.21588
0.49716
0.16803
0.09906
0.33148
0.29636
0.23917
0.15311
0.10770
0.25400
0.23294
-0.00266
0.06229
0.15186
0.06293
-0.01367
-0.12515
0.00177
0.06390
-0.16470
-0.23029
-0.12436
-0.07547
-0.17349
-0.29007
-0.24255
-0.15323
-0.24176
-0.31778
-0.26456
-0.23013
-0.23645
-0.30334
-0.33932
-0.23416
-0.19885
-0.28235
-0.29828
-0.23996
-0.19534
-0.20935
-0.24509
-0.19272
-0.12567
-0.16476
-0.18515
-0.14243
-0.07037
-0.02942
-0.09869
-0.12418
0.02463
0.06342
-0.05151
0.03201
0.10645
0.09418
0.12253
0.07202
0.16116
0.26749
0.18970
0.14642
0.27573
0.29434
0.25244
0.30905
0.28305
0.29840
0.34229
0.33228
0.27399
0.35580
0.32971
0.22141
0.31924
0.28854
0.23416
0.21509
0.19214
0.15778
0.12210
0.13089
0.06799
0.01752
-0.02838
-0.03967
-0.05362
-0.11896
-0.13940
-0.19113
-0.21060
-0.23343
-0.24976
-0.29565
-0.29288
-0.29932
-0.39099
-0.36304
-0.30704
-0.37119
-0.40494
-0.31015
-0.40189
-0.35175
-0.34921
-0.41913
-0.26483
-0.20615
-0.22617
-0.31418
-0.28415
-0.21985
0.00513
-0.01248
-0.22443
-0.02731
0.07562
0.08203
0.07730
0.09689
0.23306
0.29001
0.20901
0.18506
0.39743
0.46091
0.32730
0.31744
0.41537
0.51920
0.45151
0.35995
0.40109
0.48688
0.44989
0.31570
0.34219
0.41220
0.37625
0.23605
0.16495
0.27637
0.29602
0.12378
0.02792
0.10461
0.12143
-0.01428
-0.06158
-0.02802
-0.06931
-0.13281
-0.17935
-0.21014
-0.17227
-0.18826
-0.32828
-0.32321
-0.26581
-0.31366
-0.34000
-0.35361
-0.36823
-0.36847
-0.36096
-0.38571
-0.35687
-0.32986
-0.35022
-0.36948
-0.35098
-0.27472
-0.26752
-0.29306
-0.26001
-0.21759
-0.20193
-0.16931
-0.14661
-0.12619
-0.05637
-0.06183
-0.05569
0.00372
0.06128
0.09106
0.09277
0.13016
0.11548
0.20609
0.27887
0.23169
0.20575
0.32138
0.32181
0.24564
0.41107
0.32645
0.27835
0.44366
0.31393
0.22729
0.44568
0.35159
0.20297
0.35129
0.23627
0.21271
0.33792
0.13660
0.08505
0.23755
0.09091
0.02798
0.06943
0.00229
0.02106
-0.09103
-0.15558
-0.05948
-0.08063
-0.18814
-0.27054
-0.22202
-0.18579
-0.26199
-0.31976
-0.28339
-0.27563
-0.33194
-0.35516
-0.34381
-0.25754
-0.34821
-0.40421
-0.35468
-0.23154
-0.12830
-0.35037
-0.43735
-0.21539
-0.03928
-0.16687
-0.20956
-0.15970
-0.02200
0.06122
-0.12842
-0.02017
0.19873
0.20361
0.06384
0.05975
0.27737
0.39224
0.28415
0.17950
0.33569
0.45688
0.38766
0.29477
0.32626
0.48016
0.44034
0.27240
0.29172
0.42474
0.43582
0.26520
0.16870
0.28671
0.36279
0.21829
0.07715
0.14645
0.18488
0.07687
0.00589
0.00061
0.03552
-0.01349
-0.15555
-0.17712
-0.09808
-0.11319
-0.22147
-0.28702
-0.25464
-0.22433
-0.28680
-0.33627
-0.29785
-0.28693
-0.34314
-0.37091
-0.34323
-0.29297
-0.26852
-0.33258
-0.36877
-0.28204
-0.21417
-0.24884
-0.26749
-0.18460
-0.17264
-0.19092
-0.14633
-0.10086
-0.05191
-0.05344
-0.06140
-0.03741
0.05884
0.10538
0.02258
0.07581
0.14395
0.13635
0.16855
0.17197
0.18967
0.23950
0.21277
0.18884
0.23013
0.24585
0.26993
0.20068
0.15930
0.24557
0.20789
0.15582
0.16153
0.13953
0.13504
0.09564
0.04984
0.07364
0.06396
-0.01703
-0.01419
-0.00937
-0.04337
-0.06097
-0.09357
-0.09964
-0.07468
-0.11902
-0.14328
-0.08429
-0.12878
-0.16470
-0.13058
-0.12134
-0.11880
-0.12857
-0.14264
-0.02362
0.00946
-0.11746
-0.13849
-0.03781
0.08240
0.07654
-0.06918
-0.01733
0.16071
0.07089
0.06274
0.07196
0.14160
0.25198
0.06067
0.01959
0.22778
0.26456
0.11420
0.08392
0.14392
0.22073
0.19492
0.00797
0.07889
0.20032
0.08783
-0.00647
-0.00421
0.07864
0.08600
-0.05930
-0.13107
-0.00040
0.03714
-0.08707
-0.15057
-0.11542
-0.02469
-0.09180
-0.18973
-0.11163
-0.04599
-0.11548
-0.17752
-0.15878
-0.08301
-0.02609
-0.15503
-0.18787
-0.05063
-0.06030
-0.11313
-0.08969
-0.06067
-0.03607
-0.04068
-0.12601
-0.03848
0.07562
0.00842
-0.03503
-0.08194
0.04791
0.11282
-0.03394
0.01611
0.11597
0.02969
0.03912
0.04959
0.03189
0.16635
0.09958
-0.01981
0.04224
0.13986
0.10944
0.03430
0.05344
0.09256
0.06378
0.01477
0.06470
0.04132
0.02750
0.01514
-0.05457
-0.03229
0.00650
-0.02512
-0.10846
-0.11978
-0.07852
-0.09100
-0.14130
-0.16495
-0.15070
-0.15390
-0.18326
-0.19806
-0.20505
-0.16565
-0.15118
-0.25241
-0.19693
-0.13586
-0.14969
-0.17017
-0.19974
-0.15677
-0.07407
-0.06262
-0.11987
0.01822
-0.06253
0.02472
0.11768
-0.08569
0.11530
0.27832
0.11710
0.06763
0.32629
0.20612
0.27451
0.42908
0.10013
0.37997
0.50119
0.22934
0.37442
0.42865
0.37778
0.43378
0.33890
0.29980
0.47940
0.37094
0.23233
0.30737
0.24948
0.30267
0.23846
0.07898
0.15033
0.14478
0.03137
-0.02390
-0.03055
-0.03311
-0.09189
-0.23425
-0.23447
-0.18057
-0.25327
-0.31122
-0.36581
-0.36646
-0.35159
-0.41428
-0.42737
-0.39264
-0.42828
-0.44315
-0.46487
-0.46817
-0.34164
-0.41202
-0.47394
-0.34778
-0.35809
-0.36035
-0.29013
-0.29904
-0.24103
-0.19141
-0.23950
-0.12521
-0.05914
-0.08954
-0.01880
0.02997
0.04135
0.15018
0.14844
0.11188
0.25714
0.27109
0.26425
0.30765
0.35190
0.34732
0.37643
0.41144
0.37421
0.43750
0.42358
0.39435
0.38055
0.39166
0.40381
0.36682
0.29370
0.28271
0.28046
0.20523
0.20972
0.11743
0.10617
0.05402
-0.05554
-0.05014
-0.07574
-0.12219
-0.23026
-0.25598
-0.30093
-0.28836
-0.33566
-0.43796
-0.37283
-0.45575
-0.37738
-0.37430
-0.54059
-0.33453
-0.36951
-0.50150
-0.32166
-0.23022
-0.39532
-0.22839
-0.12613
-0.35147
0.01459
-0.04971
-0.16931
0.17688
0.04364
0.05585
0.24402
0.19562
0.21399
0.38675
0.29004
0.28882
0.46619
0.34827
0.39087
0.47717
0.40558
0.36670
0.42029
0.46823
0.37289
0.35861
0.40158
0.31219
0.30930
0.38370
0.19684
0.22113
0.32513
0.09897
0.14496
0.17255
0.02118
0.09924
0.01950
-0.09851
0.00958
-0.06342
-0.20895
-0.09381
-0.17227
-0.28845
-0.20456
-0.29034
-0.30493
-0.30563
-0.36066
-0.37695
-0.37357
-0.36700
-0.40820
-0.39252
-0.42853
-0.38840
-0.36151
-0.41370
-0.36441
-0.34357
-0.33359
-0.32159
-0.31232
-0.25739
-0.21054
-0.23093
-0.17587
-0.10608
-0.13596
-0.08636
-0.01877
-0.00729
0.05936
0.05609
0.06161
0.14383
0.16205
0.18350
0.19083
0.20859
0.24252
0.23834
0.21359
0.27100
0.31119
0.22012
0.22842
0.24640
0.21298
0.25009
0.19965
0.16382
0.16180
0.14023
0.13809
0.08884
0.11081
0.06689
0.11801
0.10101
-0.06384
0.06146
0.12936
0.02591
-0.03229
0.06961
0.00793
0.04520
0.13354
-0.11438
0.06622
0.17273
-0.07910
0.03424
0.09399
0.03561
0.11646
-0.03098
-0.04199
0.15952
0.05313
-0.07748
0.01547
0.00598
-0.00897
-0.00388
-0.12775
-0.04413
0.02783
-0.11700
-0.14871
-0.11179
-0.04559
-0.03528
-0.18533
-0.16153
-0.00656
-0.12738
-0.14319
-0.00531
-0.15018
-0.07913
0.01862
-0.14343
-0.05746
0.06485
-0.05936
-0.07108
0.03235
0.03497
0.02869
0.02487
0.02652
0.06229
0.04062
0.07581
0.08545
0.02737
0.07819
0.05481
0.04291
0.06934
0.04770
0.04910
0.03696
0.00534
0.02850
0.02142
-0.00702
0.01807
-0.03571
-0.03976
-0.01492
-0.03632
-0.05115
-0.03400
-0.08646
-0.07950
-0.04150
-0.10376
-0.06250
-0.09058
-0.08966
-0.09338
-0.12262
-0.07022
-0.09744
-0.09952
-0.10809
-0.11716
-0.12082
-0.08820
-0.09573
-0.15677
-0.06509
-0.13849
-0.16666
-0.07272
-0.10672
-0.14328
-0.10098
-0.09589
-0.13431
-0.07675
-0.10553
-0.07767
-0.00955
0.04642
-0.07980
-0.08362
0.14233
0.10245
0.06378
0.12021
0.12003
0.15393
0.31601
0.16583
0.15475
0.43866
0.24362
0.20087
0.36853
0.30038
0.36774
0.35425
0.18878
0.32050
0.41101
0.23648
0.18622
0.24377
0.24362
0.19376
0.08905
0.05197
0.14893
0.11026
-0.06415
-0.05710
-0.04688
-0.02048
-0.01199
-0.24002
-0.20126
-0.03159
-0.15594
-0.28824
-0.16437
-0.16129
-0.22385
-0.15884
-0.29297
-0.19772
-0.08664
-0.22891
-0.21899
-0.17111
-0.11447
-0.12238
-0.17233
-0.15594
-0.09171
-0.05246
-0.13138
-0.12720
-0.03525
-0.01587
-0.10593
-0.09250
0.00439
-0.00995
-0.01886
-0.04910
-0.02240
0.03522
0.00995
-0.00787
0.01563
0.03595
0.03442
0.00037
0.02173
0.08185
0.02579
0.02835
0.04834
0.01358
0.07492
0.06113
0.02136
0.03058
0.05478
0.05850
0.01483
0.03568
0.03540
0.03516
-0.01779
-0.01605
0.03680
-0.03329
-0.02563
-0.06879
-0.07846
-0.04437
-0.07278
-0.12875
-0.12619
-0.06772
-0.16428
-0.14102
-0.09851
-0.14667
-0.14194
-0.10101
-0.02725
-0.15976
-0.11484
0.03360
-0.00262
-0.04269
0.02545
0.06873
0.05655
0.24207
0.06174
0.07220
0.37042
0.18008
0.18369
0.29556
0.27228
0.31647
0.31815
0.24261
0.27966
0.36902
0.26767
0.21228
0.23129
0.25208
0.22729
0.12308
0.07172
0.12436
0.14835
-0.00833
-0.07092
0.03793
0.00925
-0.15274
-0.12997
-0.07938
-0.11203
-0.18436
-0.22665
-0.18570
-0.14703
-0.17651
-0.27603
-0.23471
-0.18808
-0.16916
-0.22366
-0.25656
-0.15994
-0.13272
-0.20090
-0.23837
-0.11032
-0.06705
-0.16733
-0.18317
-0.06650
-0.05460
-0.08179
-0.07736
-0.06982
0.02457
-0.00613
-0.05609
0.00082
0.07806
0.06177
0.01990
0.04190
0.08282
0.14075
0.08194
0.07047
0.11746
0.13614
0.13242
0.09793
0.13480
0.13434
0.13345
0.12509
0.07751
0.13116
0.16098
0.05820
0.03122
0.10260
0.07129
0.01279
-0.00644
-0.01590
-0.01028
-0.06900
-0.09735
-0.12863
-0.13760
-0.11487
-0.22556
-0.23764
-0.17752
-0.27304
-0.26743
-0.21393
-0.31512
-0.27841
-0.16611
-0.23575
-0.27798
-0.19998
-0.14069
-0.10120
-0.12030
-0.07861
-0.02832
0.04437
0.09540
0.02509
0.15787
0.24960
0.19040
0.23874
0.28879
0.31677
0.41077
0.36398
0.28067
0.43369
0.44815
0.35184
0.36020
0.33310
0.37241
0.37677
0.25565
0.21530
0.27087
0.25653
0.14389
0.09750
0.12335
0.11520
0.04224
-0.04230
-0.03262
-0.00220
-0.07547
-0.16122
-0.12372
-0.12982
-0.19312
-0.18158
-0.24225
-0.24420
-0.18530
-0.27023
-0.30646
-0.22797
-0.24908
-0.30502
-0.25558
-0.28149
-0.26505
-0.25555
-0.28961
-0.24557
-0.23047
-0.22867
-0.27057
-0.21872
-0.12811
-0.19629
-0.20578
-0.09747
-0.10345
-0.11154
-0.03311
-0.06390
-0.01636
0.06168
-0.00360
0.04959
0.12827
0.10370
0.14502
0.14441
0.13770
0.23016
0.21375
0.18375
0.24365
0.23633
0.23972
0.22983
0.21964
0.25879
0.22845
0.17505
0.17542
0.17245
0.15656
0.13998
0.05423
0.04416
0.05023
-0.02774
-0.02811
-0.05881
-0.10321
-0.16428
-0.14709
-0.15875
-0.21472
-0.19049
-0.22635
-0.12308
-0.28009
-0.29016
-0.11517
-0.15549
-0.17514
-0.16888
-0.10892
-0.13937
0.02637
-0.03867
-0.08740
0.11221
0.04221
0.05972
0.10696
0.14282
0.18417
0.19119
0.15628
0.13980
0.27536
0.24539
0.16333
0.16058
0.20135
0.23755
0.14624
0.10614
0.13977
0.18106
0.09665
0.01810
0.08322
0.09988
0.06198
-0.00967
-0.02307
0.04825
0.00311
-0.03745
-0.03760
-0.01358
-0.03030
-0.05142
-0.07513
-0.08902
0.03891
-0.09775
-0.12134
-0.03445
-0.09793
-0.03900
-0.05356
-0.15973
-0.08865
-0.02054
-0.18231
-0.09238
-0.04132
-0.17896
-0.11569
-0.11887
-0.12518
-0.09155
-0.11404
-0.15375
-0.10876
-0.07840
-0.11368
-0.09467
-0.08289
-0.04932
-0.08447
-0.06985
-0.04053
-0.02484
0.01727
-0.02628
-0.01523
0.00833
0.06857
0.05328
0.02960
0.06390
0.08786
0.08774
0.06104
0.11499
0.09991
0.09122
0.07996
0.07587
0.09290
0.06577
0.03812
0.03442
0.03568
-0.02032
-0.01743
-0.01498
-0.06152
-0.05942
-0.10910
-0.10141
-0.07227
-0.10370
-0.12985
-0.03049
-0.10916
-0.21243
-0.00348
-0.02127
-0.05789
-0.00760
-0.05734
-0.00626
0.13690
0.04770
0.01712
0.20105
0.11664
0.10999
0.23123
0.14600
0.20328
0.29031
0.16135
0.18427
0.23483
0.22931
0.22894
0.12479
0.11978
0.22656
0.14902
0.01923
0.07632
0.10986
0.04572
-0.03781
-0.03098
0.02701
-0.02271
-0.08984
-0.10461
-0.06265
-0.06351
-0.13571
-0.11557
-0.10403
-0.12320
-0.11319
-0.12561
-0.18338
-0.07324
-0.06189
-0.20993
-0.08337
-0.12021
-0.12689
-0.02289
-0.15524
-0.15607
-0.03540
-0.09201
-0.14999
-0.05994
-0.08734
-0.10150
-0.09897
-0.10165
-0.03619
-0.08783
-0.07715
-0.05536
-0.06586
-0.01593
-0.04425
-0.04413
0.01080
0.00519
-0.02164
0.02090
0.04825
0.04074
0.05643
0.04556
0.07590
0.08939
0.10886
0.11346
0.08160
0.12830
0.15146
0.10635
0.11429
0.16226
0.10614
0.09827
0.11911
0.09119
0.07709
0.07910
0.03745
-0.02875
0.05280
-0.01367
-0.09866
-0.02826
-0.06400
-0.15387
-0.13000
-0.07571
-0.21075
-0.14798
-0.12198
-0.17447
-0.09030
-0.20541
-0.19775
-0.03415
-0.03223
-0.17044
-0.06290
-0.01575
-0.00513
0.08133
-0.05173
0.07712
0.17682
0.05399
0.10858
0.22424
0.13657
0.16418
0.26376
0.14111
0.17014
0.25803
0.20471
0.14609
0.14185
0.18298
0.20648
0.07971
0.03369
0.18216
0.10489
-0.02194
0.03763
0.08298
0.00864
-0.02930
-0.01712
-0.04141
0.01178
-0.06244
-0.09818
-0.03671
-0.05917
-0.09320
-0.06064
-0.09619
-0.13544
-0.00092
-0.11383
-0.15073
-0.06943
-0.10336
-0.06815
-0.12473
-0.14920
-0.09222
-0.07932
-0.15869
-0.14172
-0.08734
-0.13242
-0.13510
-0.12790
-0.11816
-0.10818
-0.10977
-0.10077
-0.09805
-0.07205
-0.06561
-0.08185
-0.03976
-0.02255
-0.03494
0.01297
-0.02231
0.02731
0.07791
0.01477
0.05646
0.10913
0.09738
0.10385
0.11890
0.10721
0.18661
0.14145
0.10800
0.17841
0.15060
0.13208
0.12030
0.11557
0.12186
0.09897
0.03391
0.06564
0.01276
0.00153
0.01526
-0.07919
-0.06577
-0.07111
-0.11096
-0.11221
-0.15259
-0.17798
-0.10660
-0.18866
-0.18445
-0.03244
-0.18518
-0.24268
-0.04150
-0.06302
-0.09741
-0.05307
-0.04056
-0.02087
0.07809
0.01392
0.00024
0.20871
0.06989
0.09909
0.18280
0.12469
0.20486
0.21451
0.15182
0.16766
0.23300
0.17813
0.17102
0.15735
0.14694
0.17267
0.13251
0.05466
0.09357
0.14795
0.03607
0.01297
0.05231
0.03192
-0.00797
-0.00421
-0.02234
-0.00650
-0.03189
-0.09418
-0.03238
-0.04675
-0.06128
-0.09082
-0.06744
-0.08594
-0.09619
-0.05051
-0.13754
-0.08362
-0.09970
-0.12555
-0.08600
-0.12332
-0.12668
-0.13702
-0.11984
-0.14758
-0.14084
-0.10199
-0.16174
-0.16278
-0.11517
-0.13687
-0.13403
-0.11429
-0.10437
-0.10605
-0.10413
-0.06516
-0.06894
-0.04810
-0.02423
-0.02173
-0.01727
0.00995
0.06940
0.04996
0.04950
0.09314
0.10922
0.12570
0.13745
0.14847
0.15399
0.18640
0.17038
0.14413
0.17706
0.19974
0.17334
0.11185
0.11151
0.14273
0.12762
0.05347
0.02786
0.08496
0.02390
-0.06583
-0.02759
-0.02182
-0.07742
-0.09476
-0.12503
-0.14896
-0.11682
-0.14456
-0.15945
-0.16360
-0.14749
-0.04785
-0.21964
-0.20474
0.00854
-0.08621
-0.12717
-0.04947
-0.04865
-0.04355
0.08209
-0.08035
0.00867
0.18759
-0.03125
0.03427
0.12292
0.12698
0.10852
0.10141
0.10336
0.11911
0.18341
0.10797
0.09668
0.14114
0.12897
0.11139
0.08810
0.10110
0.11221
0.09528
0.06424
0.04904
0.09796
0.07635
0.02554
0.05975
0.04510
0.03394
0.04614
-0.02695
0.02243
0.08533
-0.05911
-0.03845
0.06897
-0.05261
-0.07281
0.03207
-0.06216
-0.07797
-0.02487
-0.10013
-0.06027
-0.06259
-0.12961
-0.11731
-0.07562
-0.12943
-0.14655
-0.07953
-0.17343
-0.14557
-0.10046
-0.13910
-0.14771
-0.12589
-0.08755
-0.15848
-0.11496
-0.07294
-0.09448
-0.09277
-0.08078
-0.06094
-0.02521
-0.03531
-0.02634
0.00192
0.01193
0.03726
0.01172
0.08118
0.09335
0.04282
0.07278
0.12204
0.10052
0.08679
0.13489
0.08377
0.07220
0.11258
0.06305
0.07959
0.09525
0.01431
0.02231
0.07004
0.01379
-0.03262
0.03946
-0.01700
-0.08957
0.04099
-0.05273
-0.12762
0.03314
-0.05151
-0.11789
-0.05164
-0.01385
-0.10519
0.03433
0.01758
-0.19073
0.03391
0.01981
0.02264
-0.02066
0.01889
0.02249
0.01279
0.10397
-0.05450
0.14850
0.06693
-0.01041
0.11935
0.06830
0.07617
0.06747
0.14325
0.02905
0.07617
0.14905
0.02704
0.11096
0.06732
0.05469
0.09784
0.03345
0.03519
0.08136
0.06595
-0.02304
0.05356
0.03189
-0.00696
0.04532
-0.02612
0.00171
0.01730
-0.05240
-0.03061
0.04620
-0.04648
-0.07681
0.01819
-0.04944
-0.05856
0.02039
-0.06024
-0.09058
0.00565
-0.07370
-0.05234
-0.00296
-0.09015
-0.07343
-0.03082
-0.05444
-0.11548
-0.00681
-0.06235
-0.14694
-0.01395
-0.07169
-0.08282
-0.04596
-0.06796
-0.07217
-0.06381
-0.02518
-0.05502
-0.03696
-0.03238
-0.06815
0.01584
-0.00705
-0.04898
0.01965
0.03540
-0.01907
0.00964
0.06271
-0.00027
0.04095
0.04532
0.02625
0.04486
0.01071
0.03162
0.06143
0.00943
-0.03015
0.05542
-0.00058
-0.03915
0.02087
-0.03958
-0.03973
-0.00632
-0.06650
-0.04190
-0.01529
-0.09503
-0.06357
-0.01398
-0.07501
-0.07806
-0.03827
-0.04858
-0.06122
-0.04861
-0.05139
-0.01294
-0.04266
-0.01828
0.05463
-0.09244
0.01059
0.06314
-0.01404
0.04379
0.03192
0.04953
0.03793
0.07718
0.05539
0.08063
0.13925
0.01981
0.12033
0.15424
0.10544
0.15457
0.07605
0.17438
0.14584
0.12424
0.16226
0.14664
0.11139
0.10733
0.16925
0.04468
0.14395
0.10367
0.01947
0.10834
0.03644
0.03915
0.04102
0.00943
0.00739
-0.00873
-0.02509
-0.04691
-0.02060
-0.03281
-0.06741
-0.06708
-0.07056
-0.05304
-0.06958
-0.09418
-0.04919
-0.08658
-0.10086
-0.05389
-0.08554
-0.06174
-0.09634
-0.07281
-0.09543
-0.06735
-0.03787
-0.15765
-0.03473
-0.05377
-0.14114
-0.03433
-0.05786
-0.10770
-0.03961
-0.06635
-0.07993
-0.03067
-0.06268
-0.05325
-0.03415
-0.03235
-0.06650
-0.02438
0.02863
-0.06107
-0.02170
0.03860
-0.04651
-0.02170
0.07242
-0.01297
-0.02048
0.03949
-0.01508
0.03366
0.02359
-0.01801
0.02527
0.00833
-0.01968
0.03192
0.00119
-0.02713
0.02359
-0.03943
0.00119
0.01202
-0.05243
0.00897
-0.00717
-0.06152
-0.01080
0.00940
-0.03088
-0.03262
-0.04132
-0.02487
0.03146
-0.04614
-0.03983
0.02115
-0.03757
0.00391
-0.01141
-0.04086
0.10211
-0.01331
-0.09793
0.10620
0.03253
-0.03275
0.09497
0.02667
0.01019
0.12634
0.01578
0.03540
0.20245
0.04233
0.01837
0.19318
0.09326
0.08603
0.17136
0.08371
0.11108
0.15652
0.09271
0.11520
0.16254
0.04636
0.10828
0.14410
0.00854
0.10016
0.12939
0.01920
0.00806
0.08197
0.04944
-0.02115
0.03320
0.06171
-0.03201
-0.00903
0.00278
-0.01099
0.04193
-0.05258
-0.04913
0.05460
-0.03427
-0.09546
0.04620
-0.01044
-0.08313
-0.01605
-0.07111
-0.00519
-0.01959
-0.14221
-0.01382
-0.02759
-0.15756
-0.02353
-0.05417
-0.14182
-0.04816
-0.11682
-0.11887
-0.06134
-0.12891
-0.12457
-0.08142
-0.15564
-0.13110
-0.06436
-0.15555
-0.12643
-0.09326
-0.13287
-0.08618
-0.12579
-0.10526
-0.04263
-0.10547
-0.10364
-0.06168
-0.02127
-0.05756
-0.05792
-0.01309
-0.03595
-0.01392
0.00192
0.01245
-0.01102
0.02570
0.05530
-0.04153
0.05231
0.07498
-0.00226
0.06046
0.02872
0.01108
0.09399
0.05243
-0.01218
0.08936
0.03781
0.00858
0.10278
0.02948
0.01306
0.08432
0.01968
0.01947
0.07605
0.02533
0.01883
0.04175
0.03571
-0.01593
0.06818
0.00208
0.01270
0.08896
-0.05832
0.00436
0.07379
0.05066
-0.04013
0.06290
0.02542
0.01236
0.08755
-0.03220
0.12839
0.02869
0.02917
0.11182
0.04706
0.08948
0.07764
0.13394
0.06091
0.09500
0.11145
0.10416
0.14078
0.04022
0.12201
0.11343
0.07239
0.10297
0.07925
0.10095
0.04291
0.08136
0.09750
0.03891
0.04373
0.08032
0.07001
-0.00626
0.05048
0.04855
0.02002
0.03766
-0.01422
0.00320
0.01477
-0.02005
-0.04858
0.01416
-0.05344
-0.10425
-0.01022
-0.08926
-0.09161
-0.09964
-0.11850
-0.10904
-0.13223
-0.16821
-0.14304
-0.11786
-0.23312
-0.16287
-0.15750
-0.20996
-0.15051
-0.19513
-0.22269
-0.14267
-0.16531
-0.21124
-0.12259
-0.13943
-0.19470
-0.10468
-0.11081
-0.13501
-0.06104
-0.05960
-0.10858
-0.05856
0.00443
-0.02399
0.00058
-0.02124
0.00858
0.07248
0.05310
-0.01215
0.07492
0.10638
0.03748
0.08438
0.04428
0.08856
0.14038
0.04773
0.03049
0.15668
0.05148
0.06519
0.13306
0.02084
0.08450
0.10278
0.03357
0.05832
0.08514
-0.01489
0.09869
0.06900
-0.07352
0.08322
0.06302
-0.05801
0.03177
0.01276
-0.02750
0.03723
-0.01608
-0.06509
0.02127
0.01730
-0.09866
0.04758
0.01416
-0.07230
-0.00745
0.01465
0.01648
-0.00201
0.03091
0.01718
0.05139
-0.00830
0.09540
0.10648
0.00433
0.13068
0.12863
0.03540
0.13019
0.18204
0.09872
0.18259
0.11523
0.10443
0.24136
0.14041
0.09915
0.21902
0.12631
0.11972
0.16440
0.11194
0.15097
0.10455
0.08618
0.11459
0.07700
0.04016
0.10483
0.03506
-0.00510
0.05267
-0.04556
0.00232
-0.01724
-0.08798
-0.04269
-0.09967
-0.12061
-0.11005
-0.11685
-0.17557
-0.16824
-0.16806
-0.20740
-0.19275
-0.22214
-0.21869
-0.21771
-0.23569
-0.26230
-0.22534
-0.21844
-0.24084
-0.24100
-0.22876
-0.20404
-0.21878
-0.17801
-0.17361
-0.18591
-0.14999
-0.14694
-0.09100
-0.09641
-0.12448
-0.05246
-0.02277
-0.06213
-0.03680
0.05182
-0.02444
0.04700
0.05276
0.01019
0.12213
0.07462
0.06799
0.13181
0.12949
0.07065
0.14709
0.15604
0.11630
0.13156
0.11053
0.16763
0.13193
0.11130
0.10934
0.11475
0.13672
0.08905
0.07022
0.09421
0.10416
0.05554
0.04550
0.06744
0.02286
0.04053
0.04013
-0.01306
0.02927
0.00940
-0.03094
-0.01291
-0.01367
-0.01419
-0.01913
-0.07877
-0.02524
0.00375
-0.08386
-0.04898
-0.02905
-0.04282
-0.03387
-0.06137
-0.05450
0.02255
-0.01926
-0.05881
-0.01648
0.04263
0.02051
0.00885
0.03409
0.06396
0.10938
0.03290
0.11478
0.12918
0.11234
0.16922
0.13968
0.13226
0.19876
0.19144
0.15491
0.20099
0.17783
0.17905
0.16632
0.16205
0.14655
0.17715
0.11966
0.08737
0.11905
0.08093
0.07529
0.03262
0.04633
0.01105
-0.01605
-0.02032
-0.05865
-0.04523
-0.05594
-0.11249
-0.13049
-0.11533
-0.11923
-0.14728
-0.17194
-0.17590
-0.16028
-0.20978
-0.21283
-0.16812
-0.20056
-0.22668
-0.21628
-0.21777
-0.21826
-0.20599
-0.21317
-0.19839
-0.22461
-0.21298
-0.17648
-0.18665
-0.17792
-0.16296
-0.15317
-0.13452
-0.15479
-0.10663
-0.05618
-0.11078
-0.09131
-0.00073
-0.05807
-0.04590
0.05432
-0.05023
0.05804
0.06393
-0.00635
0.10056
0.10165
0.07434
0.07968
0.15131
0.10522
0.10623
0.16385
0.12558
0.14450
0.12549
0.13882
0.15973
0.11484
0.14462
0.11758
0.12183
0.09283
0.09277
0.15601
0.04813
0.06790
0.08142
0.02988
0.08679
0.04797
-0.02621
0.05875
0.04135
-0.05322
0.01773
0.02844
-0.03964
0.00363
-0.00607
-0.06586
0.00977
0.00317
-0.04037
-0.02481
-0.01843
-0.03448
-0.00568
0.00699
-0.04196
0.01782
-0.01657
-0.02289
0.03931
-0.01855
0.02249
0.05414
0.00647
0.01068
0.05157
0.04663
0.05048
0.08643
0.02798
0.07629
0.09039
0.04459
0.13046
0.06900
0.08383
0.12518
0.06192
0.11438
0.11362
0.09415
0.10330
0.09183
0.10452
0.06766
0.09610
0.09866
0.03574
0.08759
0.04651
0.01889
0.05106
0.03183
0.00146
-0.00287
-0.02011
-0.03140
-0.01892
-0.06467
-0.05118
-0.08273
-0.09277
-0.07870
-0.12451
-0.12430
-0.11459
-0.13937
-0.16397
-0.13745
-0.16415
-0.18222
-0.14893
-0.19321
-0.18835
-0.16318
-0.19009
-0.15970
-0.18616
-0.20984
-0.13614
-0.15689
-0.17636
-0.13232
-0.15869
-0.12051
-0.10681
-0.12439
-0.09387
-0.07449
-0.06293
-0.06357
-0.03842
-0.04462
0.00046
-0.00134
-0.00055
0.01691
0.00446
0.07840
0.04041
0.02106
0.06134
0.09061
0.07922
0.04987
0.07108
0.09799
0.13379
0.03250
0.09329
0.13004
0.08057
0.10669
0.05527
0.14157
0.10480
0.07428
0.09317
0.10648
0.10529
0.06992
0.10880
0.06592
0.12308
0.08832
0.05792
0.08978
0.08362
0.09589
0.05066
0.08487
0.06717
0.06100
0.07291
0.06320
0.03876
0.03113
0.08380
0.05481
-0.01373
0.04340
0.05200
-0.03012
0.03964
0.04684
-0.05685
0.01337
0.00848
-0.05621
0.03033
-0.03912
-0.05386
0.00238
-0.03656
-0.03973
-0.04449
-0.06155
0.00513
-0.02792
-0.08932
-0.01215
-0.03610
-0.00793
-0.03476
-0.06967
0.02274
-0.00119
-0.05527
-0.00076
-0.00745
0.00217
0.03571
-0.04950
-0.00607
0.07086
-0.01373
0.00641
0.04977
-0.02362
0.04904
0.03448
-0.03052
0.04309
0.04099
-0.01025
0.01483
-0.00122
-0.01047
0.04968
-0.02396
-0.02655
0.02609
-0.02173
-0.01410
-0.00391
-0.03503
0.00052
-0.00204
-0.05063
-0.02768
0.00226
-0.03671
-0.04373
-0.01816
-0.03387
-0.04410
-0.03766
-0.04599
-0.04965
-0.04306
-0.06824
-0.05716
-0.06491
-0.07553
-0.05930
-0.07257
-0.09546
-0.08640
-0.06516
-0.09991
-0.09894
-0.06256
-0.10788
-0.09579
-0.06586
-0.12503
-0.06049
-0.05188
-0.11908
-0.07315
-0.04062
-0.07028
-0.05847
-0.02438
-0.07083
-0.01474
-0.01041
-0.04547
0.03015
-0.01883
0.02231
0.04819
-0.00568
0.06665
0.06329
0.05884
0.08643
0.07397
0.08978
0.11899
0.10086
0.08679
0.17123
0.11346
0.09232
0.18567
0.09744
0.12531
0.18109
0.11536
0.13327
0.14664
0.09479
0.15634
0.14886
0.06323
0.14328
0.13318
0.08160
0.09317
0.07748
0.09280
0.12741
0.01984
0.01041
0.11963
0.02417
-0.01578
0.03909
0.00763
-0.00174
-0.02521
-0.07996
-0.01590
-0.01895
-0.11203
-0.08820
-0.08609
-0.10452
-0.09439
-0.16248
-0.14908
-0.13312
-0.13651
-0.14566
-0.21085
-0.16577
-0.13293
-0.16574
-0.19681
-0.15839
-0.14114
-0.11044
-0.16220
-0.20035
-0.04291
-0.07590
-0.15286
-0.04129
-0.03409
-0.07263
0.00827
-0.03989
0.00293
0.12006
-0.01184
0.04755
0.13773
0.05975
0.12869
0.14584
0.11295
0.16660
0.17114
0.14282
0.18259
0.18326
0.16876
0.20438
0.16779
0.14453
0.20255
0.17542
0.13937
0.16235
0.13748
0.12726
0.12622
0.10950
0.07968
0.08871
0.06009
0.03513
0.03870
-0.00693
-0.00626
-0.02252
-0.04428
-0.08151
-0.08652
-0.10925
-0.11404
-0.12863
-0.18677
-0.14038
-0.20157
-0.19095
-0.19785
-0.21854
-0.19189
-0.25748
-0.20090
-0.20956
-0.25598
-0.19788
-0.19812
-0.22638
-0.16171
-0.19714
-0.19067
-0.10431
-0.17667
-0.11105
-0.07565
-0.14743
-0.03021
-0.02039
-0.06491
0.01154
0.02429
0.00940
0.10217
0.06470
0.05072
0.18277
0.12125
0.13864
0.19067
0.15228
0.22672
0.21649
0.17532
0.24692
0.23474
0.24023
0.21329
0.23950
0.25241
0.20633
0.24472
0.19083
0.22427
0.18201
0.19055
0.16956
0.11777
0.17398
0.08548
0.11987
0.08496
0.03323
0.03665
0.02261
0.00156
-0.05023
-0.01968
-0.09952
-0.07336
-0.09021
-0.15686
-0.13403
-0.17734
-0.15381
-0.16827
-0.23685
-0.22211
-0.18973
-0.21402
-0.25436
-0.26678
-0.22952
-0.19955
-0.23611
-0.27707
-0.21326
-0.22473
-0.22040
-0.16904
-0.26041
-0.17090
-0.11661
-0.20108
-0.13165
-0.13196
-0.10870
-0.05457
-0.10977
-0.04498
0.04108
0.01276
-0.02301
0.06027
0.06046
0.13028
0.17810
0.08435
0.19550
0.21124
0.19907
0.28152
0.26108
0.26517
0.34799
0.30011
0.29706
0.35574
0.34146
0.36481
0.35394
0.31717
0.31171
0.34485
0.28799
0.28845
0.27618
0.22305
0.24988
0.16376
0.14557
0.13818
0.11630
0.08188
0.01480
0.00015
-0.04977
-0.02710
-0.09445
-0.13098
-0.14517
-0.19534
-0.17700
-0.25616
-0.24570
-0.26270
-0.29657
-0.29233
-0.34064
-0.34689
-0.33438
-0.33359
-0.34549
-0.35809
-0.36072
-0.34808
-0.33176
-0.32477
-0.32571
-0.29419
-0.28262
-0.28995
-0.23807
-0.21881
-0.20743
-0.14496
-0.17068
-0.11560
-0.08200
-0.09036
0.00824
0.00662
0.00449
0.06949
0.08710
0.11099
0.15869
0.16663
0.17001
0.23633
0.22580
0.22107
0.28571
0.26047
0.29364
0.29926
0.26270
0.30911
0.28986
0.28839
0.30081
0.27481
0.26929
0.26688
0.23102
0.22253
0.26556
0.19659
0.16879
0.17871
0.11575
0.17255
0.11874
0.04028
0.07773
0.05219
0.02057
-0.01669
-0.03821
-0.06418
-0.02768
-0.11060
-0.16852
-0.09238
-0.18259
-0.16605
-0.18503
-0.24634
-0.18692
-0.22226
-0.29010
-0.24277
-0.19690
-0.31827
-0.26904
-0.22922
-0.24930
-0.22452
-0.30533
-0.28073
-0.18085
-0.18188
-0.23364
-0.22424
-0.19809
-0.11807
-0.13150
-0.16040
-0.09686
-0.06406
-0.04968
-0.05649
-0.03665
-0.00198
0.04391
0.03687
0.02911
0.11810
0.12729
0.11792
0.14474
0.10117
0.22937
0.22314
0.15082
0.27383
0.27380
0.23184
0.28516
0.29044
0.22998
0.38528
0.31863
0.27808
0.35718
0.26343
0.35715
0.32928
0.28500
0.30835
0.28006
0.29196
0.26022
0.20914
0.20502
0.21915
0.18823
0.12799
0.08301
0.07507
0.05194
0.02261
-0.02097
-0.07162
-0.12247
-0.09058
-0.16068
-0.23560
-0.19049
-0.26099
-0.25879
-0.30081
-0.37247
-0.33182
-0.32553
-0.38196
-0.38965
-0.40005
-0.41287
-0.36981
-0.40961
-0.41461
-0.36935
-0.37314
-0.38443
-0.34552
-0.34598
-0.31598
-0.26837
-0.27084
-0.24872
-0.21417
-0.16412
-0.16336
-0.08646
-0.07458
-0.04034
0.01501
-0.00101
0.09500
0.10013
0.13458
0.19757
0.17236
0.21536
0.27814
0.28598
0.27325
0.32077
0.33572
0.32047
0.38156
0.32452
0.35358
0.37311
0.31537
0.34875
0.32376
0.31577
0.29544
0.29388
0.26440
0.23135
0.21069
0.19656
0.17191
0.14645
0.11453
0.10608
0.06827
0.03165
0.04141
-0.03101
0.01669
-0.06567
-0.07538
-0.07388
-0.12845
-0.07797
-0.16940
-0.14151
-0.14996
-0.20032
-0.18256
-0.20187
-0.20999
-0.21268
-0.20221
-0.24448
-0.22485
-0.24911
-0.25601
-0.18579
-0.26834
-0.22363
-0.21005
-0.28107
-0.20407
-0.20325
-0.17819
-0.18515
-0.22183
-0.16415
-0.10718
-0.11902
-0.12741
-0.09058
-0.07520
-0.01868
-0.03046
-0.01596
0.03058
0.05069
0.09933
0.11102
0.12537
0.09689
0.16208
0.19934
0.19998
0.21359
0.17426
0.19815
0.21942
0.26178
0.20984
0.22043
0.16220
0.17923
0.27954
0.16431
0.20068
0.13617
0.14206
0.19781
0.17578
0.12708
0.10162
0.13864
0.08768
0.16275
0.11713
0.07037
0.06021
0.09030
0.09921
0.05936
0.07004
0.00696
0.04218
0.05151
0.02267
-0.00754
-0.01804
-0.03519
-0.02100
-0.03174
-0.08594
-0.10568
-0.12781
-0.11142
-0.14133
-0.13550
-0.19678
-0.21240
-0.18430
-0.22980
-0.20065
-0.22418
-0.25180
-0.22534
-0.21518
-0.23401
-0.21725
-0.21359
-0.22363
-0.17120
-0.17758
-0.19113
-0.14084
-0.15549
-0.12811
-0.07584
-0.12286
-0.08121
-0.05801
-0.05267
0.00168
-0.00998
0.00272
0.01321
0.04596
0.07300
0.07230
0.08835
0.08588
0.12750
0.14020
0.13150
0.13623
0.13211
0.17065
0.17825
0.17194
0.15854
0.14456
0.18579
0.19952
0.17242
0.16098
0.16116
0.14465
0.16708
0.16501
0.13654
0.14508
0.10837
0.10089
0.10538
0.08746
0.07443
0.05338
0.03827
0.02338
0.01215
0.00122
-0.02658
-0.04581
-0.01132
-0.05765
-0.08218
-0.04736
-0.12067
-0.09219
-0.05737
-0.11658
-0.09988
-0.11267
-0.12799
-0.10797
-0.10605
-0.10144
-0.10736
-0.13025
-0.12949
-0.10797
-0.11578
-0.10471
-0.09967
-0.12747
-0.10165
-0.11636
-0.11160
-0.07764
-0.11084
-0.10349
-0.08707
-0.06082
-0.07520
-0.08484
-0.03601
-0.03644
-0.04852
-0.02032
-0.01007
-0.00833
0.04251
0.02634
0.00958
0.04074
0.05151
0.09549
0.08810
0.05795
0.08148
0.09918
0.07800
0.12186
0.10297
0.04071
0.07315
0.10208
0.10739
0.11124
0.01233
-0.00018
0.09451
0.05969
0.04526
-0.01715
-0.01300
0.06952
0.07455
0.02289
-0.00256
0.00809
-0.00146
0.09549
0.05853
0.03546
0.06900
0.01620
0.08456
0.09082
0.11642
0.09430
0.04633
0.10471
0.09802
0.14200
0.11761
0.08105
0.09204
0.10638
0.10995
0.08096
0.06311
0.04282
0.07834
0.04514
0.02405
0.00797
-0.02921
-0.01276
-0.01175
-0.03397
-0.04309
-0.07306
-0.09714
-0.07364
-0.08417
-0.06921
-0.10208
-0.13458
-0.10898
-0.12766
-0.11307
-0.10843
-0.13602
-0.15271
-0.14691
-0.14047
-0.14328
-0.14221
-0.16489
-0.15643
-0.14944
-0.16757
-0.15073
-0.15289
-0.12460
-0.12759
-0.14551
-0.11777
-0.10699
-0.09961
-0.07034
-0.07217
-0.05579
-0.02426
-0.02597
-0.01117
-0.00296
0.03152
0.06662
0.06967
0.03833
0.07571
0.09784
0.10675
0.16040
0.12909
0.10535
0.11221
0.14612
0.14697
0.17542
0.17200
0.10135
0.13367
0.12067
0.11176
0.13528
0.12091
0.10397
0.09149
0.06836
0.06961
0.09491
0.05994
0.06793
0.04825
0.03629
0.03613
0.01984
0.03305
0.04285
0.03287
-0.02167
0.01373
-0.02042
-0.01706
0.00980
-0.02744
-0.02109
-0.04929
-0.05411
-0.05389
-0.05151
-0.06769
-0.06229
-0.07343
-0.11456
-0.10721
-0.11859
-0.10712
-0.08948
-0.10312
-0.12497
-0.14493
-0.14743
-0.09836
-0.08041
-0.15582
-0.15326
-0.11542
-0.07187
-0.07474
-0.08890
-0.09906
-0.09970
-0.07245
-0.08694
-0.02457
-0.04123
-0.01776
-0.01288
-0.05273
-0.04092
-0.03162
0.00772
0.01709
0.04639
0.01379
0.03607
0.03836
-0.01935
0.04694
0.10361
0.09628
0.08701
0.12704
0.07138
0.09186
0.18027
0.15524
0.18866
0.19766
0.19022
0.18451
0.26004
0.21179
0.24197
0.32349
0.20825
0.28531
0.27582
0.25125
0.27866
0.27231
0.23654
0.25983
0.24567
0.17300
0.19965
0.15073
0.12286
0.11154
0.07843
0.00504
-0.00165
-0.03177
-0.09677
-0.09152
-0.14453
-0.18188
-0.18097
-0.24692
-0.29160
-0.26678
-0.30243
-0.33624
-0.33316
-0.35822
-0.38425
-0.36005
-0.36853
-0.40253
-0.37686
-0.37277
-0.38632
-0.33435
-0.34503
-0.36597
-0.30130
-0.28519
-0.28998
-0.23752
-0.21710
-0.21765
-0.15869
-0.13754
-0.08728
-0.02042
-0.04510
-0.00494
0.04297
0.05948
0.13458
0.18188
0.15863
0.20718
0.24393
0.21774
0.29593
0.30579
0.29810
0.35574
0.32004
0.32373
0.35388
0.33163
0.34439
0.33505
0.31799
0.31378
0.29959
0.27344
0.25278
0.24695
0.21042
0.19818
0.17923
0.14880
0.10977
0.09128
0.06958
0.01648
0.03403
0.02621
-0.02747
-0.00723
-0.10211
-0.11618
-0.06985
-0.13409
-0.10577
-0.11725
-0.17490
-0.19254
-0.17825
-0.18292
-0.17929
-0.17709
-0.19760
-0.21097
-0.21182
-0.22614
-0.21231
-0.19794
-0.18942
-0.18515
-0.19922
-0.18219
-0.22290
-0.19031
-0.14197
-0.15894
-0.15021
-0.10953
-0.11084
-0.07877
-0.13608
-0.12183
-0.00903
-0.05527
0.00174
-0.03870
-0.05151
0.06042
0.05557
0.03171
0.05255
0.05301
0.02374
0.08835
0.11133
0.05151
0.14185
0.17996
0.06717
0.01288
0.12198
0.21054
0.12735
0.11935
0.06256
0.07193
0.17233
0.10675
0.12799
0.10583
0.12393
0.18732
0.10861
0.14490
0.12128
0.12891
0.17307
0.17679
0.13098
0.20572
0.21515
0.08759
0.18887
0.14590
0.18719
0.25488
0.12848
0.12915
0.15356
0.10248
0.14157
0.13162
0.06284
0.07703
0.03262
-0.01581
-0.02008
-0.04794
-0.04037
-0.07227
-0.14954
-0.15622
-0.19302
-0.17889
-0.20584
-0.25739
-0.24939
-0.22498
-0.27698
-0.30817
-0.31540
-0.30835
-0.25009
-0.28192
-0.29211
-0.28183
-0.29654
-0.27609
-0.24435
-0.24594
-0.19382
-0.18872
-0.20316
-0.19669
-0.14859
-0.09137
-0.09128
-0.04114
-0.04974
-0.03857
0.03116
0.00214
0.01941
0.13733
0.12656
0.15704
0.17163
0.12671
0.18430
0.22675
0.22916
0.23978
0.24261
0.26483
0.26495
0.25333
0.22363
0.22052
0.25833
0.20172
0.24863
0.21924
0.16129
0.18710
0.14520
0.09412
0.14587
0.14282
0.05319
0.09653
-0.00192
-0.01010
0.06323
-0.03394
-0.03787
-0.03183
-0.09735
-0.06027
-0.08582
-0.13434
-0.06873
-0.11142
-0.09717
-0.10187
-0.17822
-0.12054
-0.12085
-0.12991
-0.08661
-0.11368
-0.14819
-0.12799
-0.14865
-0.13199
-0.04575
-0.10815
-0.12253
-0.11218
-0.13922
-0.08459
-0.12466
-0.06714
-0.03940
-0.08441
-0.04556
-0.11404
-0.07330
-0.07220
-0.06250
0.02222
-0.00940
-0.05316
-0.00674
0.02798
-0.17404
0.03183
0.06870
-0.03131
0.16003
-0.06992
0.03091
0.08676
-0.03397
0.09235
0.08414
0.04471
0.07318
0.13257
0.05124
0.11215
0.03439
0.09229
0.19470
0.01077
0.14163
0.09564
0.06180
0.13260
0.05688
0.07938
0.15912
0.08688
0.01428
0.10403
0.00635
0.09058
0.14731
0.07339
0.10031
-0.00162
0.04111
0.08441
0.09665
0.11218
0.09998
0.05563
0.05457
0.08435
0.06946
0.12692
0.07858
0.09067
0.10751
0.03137
0.05457
0.05359
0.04623
0.03522
0.02560
0.02054
0.00159
-0.03268
-0.07581
-0.08209
-0.10095
-0.08987
-0.10107
-0.11273
-0.12637
-0.18951
-0.19501
-0.18378
-0.20349
-0.15649
-0.17892
-0.21606
-0.18784
-0.23639
-0.19748
-0.17584
-0.20029
-0.15912
-0.14960
-0.15643
-0.12427
-0.12119
-0.12296
-0.09610
-0.09299
-0.02411
0.00089
-0.02673
0.00363
-0.00735
0.03378
0.09103
0.05389
0.07382
0.11639
0.11649
0.09534
0.13477
0.10593
0.13824
0.14294
0.05923
0.13663
0.12433
0.10333
0.12497
0.06830
0.04053
0.08862
0.05130
0.08643
0.07541
-0.00095
0.04498
-0.01208
0.01654
0.04330
0.00113
0.00684
0.00897
-0.03363
-0.02560
-0.00137
-0.05518
-0.00626
-0.03979
-0.03726
0.02182
-0.05060
-0.05493
-0.03717
-0.04550
-0.00085
0.04245
-0.03198
-0.00296
0.00290
-0.04813
0.03555
0.05515
0.03107
0.03085
0.03296
0.02423
0.04742
0.05734
0.05197
0.08173
0.06503
0.04660
0.05499
0.00580
0.04007
0.05627
0.03003
0.04071
0.00925
-0.00592
-0.03995
-0.00937
-0.09756
0.01270
0.04419
-0.13910
-0.04443
-0.08795
-0.14267
-0.10782
-0.06058
-0.11938
-0.07071
-0.05338
-0.15942
-0.09299
-0.17203
-0.11404
-0.07404
-0.07996
0.01694
-0.11157
-0.05698
-0.04645
-0.16345
-0.00366
0.01895
-0.02972
0.03394
0.03574
-0.04575
0.10358
-0.03256
-0.10257
0.17804
0.04285
0.12173
0.12296
-0.00613
0.03152
0.09509
0.06552
0.08932
0.19745
0.09598
0.15533
0.09900
0.02682
0.17325
0.13797
0.17422
0.21310
0.10452
0.19818
0.15250
0.08719
0.14285
0.16168
0.17078
0.17538
0.13589
0.09180
0.12180
0.05209
0.05420
0.06284
0.07233
0.06186
0.02414
-0.04443
-0.08075
-0.07938
-0.09222
-0.07260
-0.11249
-0.12759
-0.13882
-0.17856
-0.23401
-0.20697
-0.19421
-0.22037
-0.17456
-0.24390
-0.24008
-0.18723
-0.28931
-0.21118
-0.18506
-0.18738
-0.11328
-0.20612
-0.20743
-0.12048
-0.13831
-0.09915
-0.02982
-0.06207
-0.06326
0.00116
-0.03406
-0.02618
0.08878
0.02487
0.06992
0.05963
0.02856
0.11227
0.07364
0.09866
0.08398
0.08038
0.10446
0.10797
0.08887
0.09619
0.11148
0.07974
0.12750
0.11853
0.08774
0.11191
0.05975
0.08908
0.12296
0.08542
0.11237
0.07666
0.03693
0.07721
0.06454
0.06873
0.10486
0.05579
0.05145
0.03271
0.00253
0.02063
0.02609
0.05811
0.00681
-0.00198
-0.00735
-0.03995
0.00873
-0.01196
-0.03513
-0.02008
-0.04089
0.00385
0.02032
-0.07788
-0.02509
-0.03564
-0.06708
0.01035
-0.02271
0.01230
0.00830
-0.05530
-0.08121
-0.06992
-0.01041
-0.00015
-0.05121
-0.00687
-0.03882
-0.12524
-0.04150
-0.07227
-0.11816
0.02280
-0.06961
-0.10205
0.03625
-0.11411
-0.09070
-0.09610
-0.11584
-0.00681
-0.01108
-0.06226
0.02368
-0.05252
-0.20938
0.08502
-0.12009
0.04236
0.06143
-0.11047
0.06375
-0.05521
0.11938
-0.11963
0.09503
0.02994
-0.00342
0.15921
-0.00186
0.10452
-0.07230
0.15411
-0.05545
0.16235
0.19037
-0.14633
0.23175
0.07529
-0.03159
0.06302
0.04153
0.09317
0.08621
0.03207
0.05389
0.01614
-0.03381
0.02454
0.06989
0.02191
0.04117
0.01794
0.02301
-0.00815
-0.01846
0.02560
0.00623
0.00467
0.03723
0.05298
0.00061
0.01718
-0.04086
0.08762
0.01816
0.02176
0.10284
-0.00540
0.10165
0.00757
0.02075
0.09653
0.02457
0.03680
0.06458
0.06412
0.00961
0.02347
0.01822
-0.02881
0.02722
-0.03281
-0.02771
-0.02533
-0.03882
-0.04047
-0.11282
-0.06500
-0.09326
-0.12027
-0.07181
-0.09879
-0.09720
-0.10693
-0.14609
-0.14594
-0.10028
-0.09824
-0.12741
-0.05557
-0.11938
-0.09198
-0.04510
-0.09390
-0.10013
-0.00961
-0.00259
-0.13184
0.06558
0.00842
-0.04529
0.00821
-0.07141
0.04636
0.03870
-0.00623
0.01938
0.02625
0.02432
0.02435
0.01593
-0.00369
0.07068
0.05807
-0.02121
0.08133
0.04257
0.02924
0.04089
-0.02386
0.10648
0.07861
0.00018
0.07309
0.04166
0.04181
0.04941
0.03506
0.05511
0.06125
0.11835
0.01266
-0.00821
0.03745
0.05127
0.05722
0.01529
0.07489
-0.00418
-0.00940
0.02695
-0.03452
0.05130
-0.02066
-0.10471
0.07486
-0.02307
-0.03592
-0.00809
-0.07526
-0.02533
-0.02084
-0.00385
-0.08368
0.06497
-0.01782
-0.02954
0.01340
-0.12134
0.04968
0.03152
0.03409
0.01440
0.01889
0.01495
0.02676
0.04523
-0.02322
0.10974
0.02466
0.03790
0.08920
0.00977
0.01602
0.02377
-0.03223
0.04822
0.10806
-0.10605
0.10120
0.01468
-0.12985
0.03293
-0.00662
-0.10938
-0.03070
0.00467
-0.08041
-0.00110
-0.15222
-0.00909
-0.06219
-0.14279
-0.06454
-0.04202
0.00842
-0.09985
-0.00565
-0.14404
-0.02316
-0.04254
-0.09967
0.04602
-0.04697
-0.05881
0.03137
0.01529
-0.16306
0.06116
0.03574
-0.09637
0.05969
0.05441
-0.09235
0.14673
-0.06824
-0.07980
0.19281
-0.13434
0.11603
-0.02209
0.11472
-0.00653
-0.01990
0.11450
-0.11255
0.16168
-0.06985
0.07486
0.02142
0.03668
0.06430
-0.01041
0.05771
-0.04114
0.11655
0.03391
0.07150
0.09912
0.01477
0.12888
0.10089
-0.01379
0.14804
0.07904
0.04117
0.17130
0.01895
0.09082
0.08447
-0.00101
0.08151
0.08429
0.04269
0.02322
0.06491
0.01242
-0.00259
-0.00784
-0.03128
0.01129
-0.06033
-0.00543
-0.01736
-0.10541
-0.03934
-0.13016
-0.07529
-0.03558
-0.15070
-0.02380
-0.09030
-0.12921
-0.09277
-0.11526
-0.04480
-0.14688
-0.06784
-0.03561
-0.07339
-0.06342
-0.06735
-0.04504
-0.09381
-0.05853
-0.01666
0.01419
-0.11780
0.03116
-0.02393
-0.12918
0.04349
-0.09195
-0.02652
0.02969
-0.05951
-0.02802
0.06531
-0.08698
-0.02579
0.02872
-0.04010
0.10458
-0.01389
0.05917
0.03900
0.00845
0.13483
-0.00958
0.05746
0.11945
0.06378
0.11386
0.13089
0.06134
0.03915
0.15494
-0.01080
0.10916
0.14252
-0.00333
0.13205
0.04202
0.06448
-0.02783
-0.00821
0.03860
-0.01019
0.05817
-0.04651
0.03757
-0.09177
-0.12817
-0.00177
-0.09283
-0.06186
-0.06393
-0.00171
-0.11929
0.00369
-0.13864
-0.14322
0.04462
-0.17291
0.01712
-0.01984
-0.01273
-0.03238
-0.00681
-0.10086
-0.01089
0.03372
-0.02414
0.16815
-0.03979
0.10364
0.05356
-0.03653
0.04446
0.08105
0.03854
0.12946
0.12619
-0.05304
0.15778
0.00943
-0.06616
0.13965
0.03391
-0.01157
0.13986
0.03302
-0.04770
0.03671
-0.02176
-0.03577
0.02213
-0.00494
0.00424
0.04443
-0.02322
-0.07306
-0.05341
0.01770
-0.11517
-0.05591
0.08560
-0.10916
-0.01199
-0.01895
-0.23724
-0.05603
0.05258
-0.24164
-0.00037
0.07758
-0.25629
0.11774
-0.17688
-0.24850
0.24866
-0.16190
-0.10544
0.19052
-0.21841
-0.03851
0.28436
-0.32068
0.11322
0.16422
-0.22577
0.24231
0.03952
-0.03647
0.06195
0.13052
-0.15765
0.15036
0.14520
-0.13425
0.24615
-0.02243
0.12656
0.00595
0.01370
0.07263
-0.00531
0.14215
-0.01437
0.10483
0.01895
0.02115
-0.00156
-0.02411
0.01489
0.02597
0.05710
0.01462
0.06186
-0.08511
0.00510
-0.00366
-0.02853
0.09460
-0.05963
0.04623
0.06183
-0.04099
0.02762
-0.05850
-0.00516
0.05920
-0.00473
0.01114
0.04337
-0.01199
0.00079
0.00372
-0.13959
0.08917
-0.01678
-0.08618
0.16425
-0.13300
-0.02213
0.05896
-0.17056
0.03207
-0.00879
-0.07751
0.05099
-0.04709
-0.05527
0.01175
-0.05240
-0.09241
0.03537
-0.01645
-0.04346
0.05203
-0.00995
-0.02267
-0.02417
-0.04898
0.04266
-0.00870
-0.01233
0.13043
-0.09213
0.03778
-0.00351
-0.03067
0.06516
0.00653
-0.06021
0.06424
0.09787
-0.20544
0.22296
-0.11008
-0.15579
0.15494
-0.08096
-0.02713
0.00665
-0.01489
-0.13419
0.07709
-0.15768
-0.06396
0.11920
-0.20267
0.04858
-0.03839
-0.03320
-0.05112
-0.06384
-0.01672
-0.08389
0.10571
-0.15964
0.13190
0.02478
-0.13901
0.12961
-0.11124
0.02606
0.09515
0.00168
-0.00732
0.07101
0.04984
0.04257
0.00598
0.00565
0.10077
0.01733
0.08563
0.05573
0.03162
0.09399
-0.02591
0.07303
-0.02432
0.08969
0.06146
-0.02405
0.09644
-0.01862
0.08099
-0.04993
0.06149
-0.07504
0.14835
-0.00705
-0.10248
0.20221
-0.24728
0.18097
-0.08698
-0.06223
0.08020
-0.08096
0.06369
-0.03479
0.05539
-0.20212
0.11011
-0.09576
-0.06381
0.13309
-0.14108
0.00003
0.00809
-0.03360
-0.09189
-0.02280
0.03131
-0.10660
0.01279
0.11508
-0.15778
0.12305
-0.12488
-0.04553
0.12988
-0.14020
0.12869
0.02594
-0.02048
-0.00937
0.06281
-0.02185
-0.00638
0.08298
-0.04077
0.14236
-0.05194
0.03552
0.11459
-0.13889
0.16437
-0.08752
0.06781
0.09219
-0.12305
0.16193
-0.04361
-0.05203
0.02673
-0.04068
-0.00427
0.07492
-0.14493
0.03970
0.01260
-0.18951
0.05481
-0.02188
-0.11652
-0.03458
-0.03955
-0.06921
0.05994
-0.12018
-0.03024
-0.17737
0.05029
0.03192
-0.31644
0.34607
-0.20212
-0.12820
0.18915
-0.24829
0.07855
0.07724
-0.13629
0.03928
0.13504
-0.14575
0.17667
-0.00995
-0.16953
0.27844
-0.10812
0.08786
0.03201
0.00705
0.14417
-0.04395
0.01688
0.01620
0.23526
-0.16235
0.18887
0.05450
-0.03796
0.10760
-0.05042
0.18854
-0.14517
0.26523
-0.18109
0.06940
0.14648
-0.19681
0.26102
-0.22009
0.13550
-0.01190
-0.06421
0.12384
-0.14612
0.19434
-0.14209
0.01801
0.01505
-0.01016
0.10410
-0.16620
0.20410
-0.14484
0.11737
-0.03882
-0.07806
0.24216
-0.26620
0.17850
0.03473
-0.10928
0.05670
0.02344
-0.09137
0.05704
0.06174
-0.18988
0.16754
-0.10858
-0.07529
0.10794
-0.21942
-0.01715
0.09976
-0.14206
-0.06189
0.04349
-0.15247
0.01169
0.00476
-0.26590
0.13171
-0.03900
-0.22208
0.14655
-0.10364
-0.14029
0.06543
-0.11072
-0.11615
0.11346
-0.12796
0.05386
-0.00027
-0.03845
0.02451
-0.06683
0.08218
-0.08206
0.10959
-0.01749
0.11142
-0.03296
-0.00073
0.08368
-0.08667
0.18585
-0.07697
0.18781
-0.01736
-0.00394
0.18115
-0.09177
0.10815
-0.04504
0.15961
-0.03531
0.08072
0.02072
-0.02942
0.07324
-0.09094
0.18799
-0.18918
0.22931
-0.21341
0.11234
0.10272
-0.29324
0.24631
-0.23633
0.14960
-0.12817
0.03049
-0.12616
0.10339
-0.05405
-0.22467
0.26788
-0.39206
0.31494
-0.22543
-0.02786
0.16824
-0.25757
0.18384
-0.14984
0.07678
-0.08710
0.16428
-0.14548
0.14447
0.00864
-0.10315
0.31918
-0.30334
0.24945
-0.04504
0.09103
0.00888
0.11032
-0.07751
0.12109
0.11102
-0.27008
0.41907
-0.24924
0.15823
-0.01349
-0.03244
0.03152
0.07660
-0.02951
-0.13834
0.29095
-0.29691
0.17728
-0.00781
-0.21359
0.19382
-0.12927
0.00900
-0.01025
-0.04483
-0.10553
0.03168
0.01050
-0.21295
0.18707
-0.16437
0.01047
-0.09131
-0.01343
-0.00558
-0.14325
0.10953
-0.24640
0.22427
-0.16763
-0.11014
0.13028
-0.18707
0.11713
-0.04465
-0.07349
0.03821
0.04242
-0.21451
0.21127
0.03085
-0.30887
0.40271
-0.25186
0.15771
0.02911
-0.09421
0.24115
-0.18106
0.24399
-0.09293
0.14630
0.00546
0.00403
0.10406
-0.05515
0.06699
-0.03674
0.13834
-0.05569
0.00696
0.07428
-0.07178
0.08365
-0.08096
0.04462
0.06497
-0.09824
0.09860
-0.12564
0.01709
0.08746
-0.18576
0.13568
0.03677
-0.25620
0.30255
-0.15497
-0.14362
0.27335
-0.28775
0.08197
0.20801
-0.29797
0.10117
0.07379
-0.10559
0.06982
0.04465
-0.10706
0.01468
0.15219
-0.10818
0.18076
-0.18958
0.21268
-0.16992
0.09583
0.09381
-0.25220
0.41470
-0.35071
0.22415
-0.00049
-0.20880
0.15955
0.00507
-0.25711
0.27386
-0.09750
-0.18710
0.36002
-0.45474
0.26746
-0.04501
-0.24478
0.17783
-0.02188
-0.11917
0.05655
0.13153
-0.34341
0.33405
-0.22253
-0.01755
0.20953
-0.36868
0.45709
-0.25064
0.06244
0.02267
-0.16602
0.21021
-0.10965
0.06049
0.03275
0.05731
-0.14453
0.20572
-0.09216
-0.07101
0.16223
-0.10986
0.09512
0.05792
-0.02951
-0.00940
0.03110
-0.00748
-0.09290
0.17636
-0.05923
-0.11584
0.26413
-0.24710
0.13678
-0.07578
-0.11929
0.20624
-0.14984
0.05746
-0.10416
0.12106
-0.09219
-0.01208
0.04944
-0.19717
0.19043
-0.15323
0.08658
0.00018
-0.04788
0.06210
-0.13419
0.06006
-0.08719
0.14130
-0.11292
0.01968
0.07294
-0.16534
0.10724
-0.08530
-0.05707
0.11832
-0.07962
0.05078
0.08405
-0.19183
0.17935
-0.03772
-0.12918
0.24670
-0.14468
0.02557
0.14273
-0.21490
0.17300
-0.01410
-0.17148
0.16180
0.04062
-0.11423
-0.01123
0.13327
-0.17117
0.17447
-0.08975
-0.13919
0.20901
-0.24582
0.11319
0.07230
-0.02710
-0.04639
0.01797
0.03845
-0.12982
0.16016
-0.12747
0.02441
0.17624
-0.19440
0.12091
-0.01920
-0.19473
0.25119
-0.09079
-0.05139
0.12766
-0.09039
0.05191
0.04059
-0.10922
-0.01950
0.10406
-0.13022
0.17105
-0.02802
-0.13022
0.16876
-0.08655
-0.00140
0.10114
-0.12589
0.00565
0.17978
-0.10681
0.03815
0.02515
-0.06784
0.09906
-0.08994
-0.04288
0.17181
-0.04410
-0.05029
0.09195
-0.08679
-0.07104
0.18970
-0.23227
0.12100
0.08368
-0.13522
0.14957
-0.12280
0.08798
0.00247
-0.02386
-0.08258
0.23102
-0.21088
0.13614
0.02295
-0.18542
0.26068
-0.23041
0.15195
-0.08313
0.11356
-0.00388
-0.02927
-0.01282
0.06125
0.00873
-0.12067
0.19839
-0.30124
0.28653
-0.00961
-0.23859
0.28378
-0.20117
0.09109
-0.02454
-0.07199
0.16919
-0.10516
-0.00369
-0.01096
0.00140
-0.14124
0.15408
-0.18060
0.03003
0.11716
-0.34973
0.48242
-0.40750
0.02875
0.16992
-0.31625
0.30029
-0.16010
0.07526
-0.11798
0.06366
-0.09897
0.07413
-0.04315
-0.09344
0.31653
-0.39035
0.22070
-0.11276
-0.02545
0.19846
-0.33304
0.18439
-0.01697
-0.05344
0.01559
-0.03387
0.11099
-0.10269
-0.00687
0.02646
0.03079
0.06128
-0.01111
0.01172
0.02597
-0.00900
-0.03888
0.09592
-0.04056
0.06436
0.08337
-0.05603
-0.03751
0.10474
-0.08304
0.01111
0.12515
-0.12866
0.20050
-0.14502
0.07376
-0.00980
-0.10825
0.18784
-0.14343
0.07864
-0.05374
0.06058
0.04865
-0.19577
0.17209
0.02979
-0.21729
0.19937
-0.09116
-0.05576
0.28564
-0.25833
0.06241
0.04648
-0.07159
0.14139
-0.09875
-0.02267
0.08591
0.02899
-0.11124
0.13910
-0.19409
0.13858
0.06299
-0.16714
0.26083
-0.24835
0.11609
0.03973
-0.12573
0.03891
0.10529
-0.12534
0.05698
0.00839
-0.19061
0.28671
-0.24402
-0.02850
0.20251
-0.28699
0.14453
-0.00568
-0.19766
0.16577
-0.07751
0.04584
-0.02661
-0.08917
-0.04050
0.08588
-0.08722
0.05801
0.03705
-0.09265
0.00598
-0.00986
0.04108
-0.11676
0.15753
-0.14066
0.11038
-0.04776
0.01959
-0.11084
0.10919
-0.03180
-0.11227
0.36276
-0.49615
0.36932
-0.13766
-0.11481
0.27551
-0.26303
0.09589
0.10071
-0.13605
0.00497
0.20642
-0.36145
0.37027
-0.13745
-0.20709
0.46497
-0.36807
0.02319
0.32748
-0.40048
0.13986
0.24890
-0.55600
0.53995
-0.04257
-0.35754
0.54871
-0.38055
-0.05783
0.40131
-0.35709
0.17477
0.12057
-0.32874
0.33417
-0.01495
-0.24695
0.33734
-0.15030
-0.12244
0.41516
-0.33273
0.20087
-0.02121
-0.03784
0.16806
-0.18283
0.16736
-0.21524
0.21588
-0.01517
-0.12119
0.10226
0.04590
-0.18182
0.24832
-0.12167
-0.14349
0.33145
-0.32477
0.29517
-0.12177
-0.05969
0.11154
-0.09985
-0.16013
0.23834
-0.13217
-0.09482
0.36581
-0.54074
0.44043
-0.20993
-0.25006
0.52670
-0.52512
0.14120
0.29080
-0.47205
0.16125
0.12369
-0.27625
0.18872
-0.06802
-0.14539
0.35736
-0.29260
0.05042
0.18927
-0.34531
0.27161
-0.05670
-0.13406
0.04514
0.03665
-0.05905
-0.03116
0.00903
-0.08459
0.03918
0.01816
-0.08438
0.02844
-0.03033
0.03662
-0.01773
-0.05441
0.05292
-0.14157
0.13849
-0.09851
-0.01154
-0.06628
0.18924
-0.17950
0.10117
0.06805
-0.21960
0.30545
-0.22095
0.13977
-0.04324
0.15244
-0.23602
0.32605
-0.05460
-0.20813
0.34567
-0.46338
0.47055
-0.09317
-0.11288
0.23065
-0.12387
0.06165
0.06042
-0.03683
-0.06180
0.19214
-0.02170
-0.04306
0.12347
0.00153
-0.11514
0.01270
0.02176
-0.08774
0.29395
-0.23874
0.00269
0.23267
-0.30350
0.20428
-0.04617
-0.09128
0.06079
0.09439
-0.24216
0.19113
-0.01346
-0.23376
0.38937
-0.52933
0.26321
0.12793
-0.43112
0.40781
-0.14255
-0.18942
0.31348
-0.26776
-0.11160
0.37152
-0.30856
0.13092
0.08810
-0.22452
0.15231
-0.02026
-0.14404
0.09720
0.09167
-0.13538
0.16568
-0.21027
0.16418
-0.00412
-0.07452
0.05215
-0.11557
0.32932
-0.27740
0.09686
-0.16852
0.00922
0.19507
-0.22064
0.01352
0.11722
-0.01221
-0.16806
0.25891
-0.42111
0.26233
0.04294
-0.32370
0.47913
-0.40970
0.08859
0.15317
-0.40573
0.20288
0.10800
-0.34210
0.34921
-0.04584
-0.30481
0.54565
-0.57483
0.09802
0.41754
-0.48325
0.37430
-0.01053
-0.35410
0.46130
-0.09384
-0.43503
0.53198
-0.24066
0.10471
0.25592
-0.43393
0.37415
-0.12057
-0.06342
0.11243
-0.14453
0.13724
0.09280
-0.05792
-0.06134
0.14856
-0.21823
0.19330
0.04379
-0.25821
0.36209
-0.05545
-0.10574
0.17413
-0.03867
-0.26208
0.38419
-0.27118
0.01553
0.36768
-0.37375
0.32861
-0.18320
-0.09500
0.09412
0.02075
-0.05466
0.13171
-0.00809
-0.19125
0.30835
-0.20087
-0.05237
0.04037
-0.05627
0.08163
0.13428
-0.13718
0.01266
0.06912
-0.14908
0.01163
0.00073
0.07648
-0.21924
0.28195
-0.05740
-0.13303
0.23752
-0.43842
0.32330
-0.17798
-0.01184
0.17484
-0.16125
0.13492
-0.17206
0.14114
-0.28375
0.24991
-0.27115
0.09482
0.17252
-0.32419
0.39929
-0.37125
0.18423
-0.19803
0.00378
0.05133
-0.08835
0.18280
-0.24030
0.33737
-0.38638
0.28745
-0.14511
-0.15665
0.38217
-0.41525
0.50858
-0.24490
0.00360
-0.10410
0.12692
0.02811
-0.26910
0.40518
-0.49374
0.47455
-0.21188
0.01062
0.12854
-0.26129
0.24445
-0.18457
0.18967
-0.18472
0.25723
-0.12039
0.06360
-0.15955
0.01810
0.25357
-0.24750
0.23505
-0.20959
0.15530
0.06119
-0.10266
-0.09946
0.19760
-0.09763
-0.09998
0.26169
-0.23251
0.01245
0.23218
-0.30457
0.15659
-0.01389
-0.20349
0.33301
-0.21695
0.12561
-0.09232
0.16574
-0.17123
0.00256
0.11670
-0.15729
0.17703
-0.21231
0.27554
-0.17624
0.02097
0.08096
-0.12079
0.22018
-0.27454
0.06882
0.17471
-0.20831
0.22031
-0.10397
-0.10794
0.15976
-0.01254
-0.12006
0.15244
-0.04263
-0.09875
0.33319
-0.38684
0.22031
0.02213
-0.11139
0.06348
-0.08057
0.12860
-0.16833
0.10245
-0.02451
-0.01309
-0.13693
0.19431
-0.28458
0.05945
0.17654
-0.37012
0.44412
-0.26785
-0.09991
0.29974
-0.29813
-0.08527
0.30215
-0.23853
0.08252
0.25381
-0.39502
0.17386
0.02374
-0.08408
0.07425
-0.06876
-0.05051
0.23361
-0.05020
-0.15109
0.04938
-0.11249
0.22385
-0.04596
-0.03763
0.08762
0.04953
-0.04367
0.03305
-0.05157
-0.00104
0.08392
-0.09033
0.16223
-0.08701
0.01520
0.12231
-0.14636
0.12097
0.07950
-0.18256
0.14468
-0.19958
0.15756
0.06369
-0.16925
0.13004
-0.25772
0.28284
-0.03256
-0.18802
0.17871
-0.16556
0.01459
0.28265
-0.26825
0.06702
0.05356
-0.24149
0.22968
-0.00473
-0.27768
0.25815
0.08112
-0.38074
0.46881
-0.30328
-0.00833
0.13791
-0.24310
0.32254
-0.10431
-0.07797
0.09717
-0.06918
-0.01788
0.19611
-0.23706
0.02225
0.11490
-0.06155
-0.00427
0.17706
-0.26398
0.07709
0.16309
-0.32352
0.14075
0.07596
-0.08514
0.01965
0.08511
-0.31058
0.36194
-0.24014
-0.09195
0.38535
-0.41183
0.20316
0.14694
-0.28967
0.11832
0.03320
-0.24835
0.31140
-0.15143
-0.04449
0.30896
-0.26990
-0.00845
0.10120
-0.11511
-0.01740
0.14993
-0.14072
0.12546
0.03171
-0.31079
0.41516
-0.40103
0.09821
0.30295
-0.47424
0.33411
-0.06223
-0.10422
0.14343
-0.19772
0.03073
0.22314
-0.20963
0.04041
0.18082
-0.13470
0.07272
0.04218
-0.18185
0.27203
-0.19031
0.00876
0.14047
-0.14709
0.16965
-0.04248
0.00369
-0.02530
0.10895
-0.23709
0.22540
0.04791
-0.00494
0.01367
-0.03738
-0.09283
0.02740
0.17303
-0.32309
0.26135
-0.08936
0.02899
0.01895
-0.12488
0.01981
-0.09323
0.24466
-0.25705
0.12790
0.20358
-0.35834
0.47006
-0.45984
0.15057
0.02292
-0.21112
0.37762
-0.40033
0.45004
-0.38303
0.14969
-0.17557
0.07822
0.09909
-0.28665
0.42084
-0.40225
0.31287
-0.21524
-0.05402
0.02658
-0.07928
0.13794
-0.09448
0.05450
0.00528
-0.02933
-0.05612
0.15039
-0.29550
0.18881
0.00879
-0.04172
0.20322
-0.17133
0.08780
-0.07388
0.10040
-0.23694
0.25327
-0.02783
-0.03778
0.19037
-0.18710
0.22549
-0.27286
0.17172
-0.11057
0.03903
0.11807
-0.02795
-0.02243
-0.07776
0.08133
-0.06723
0.04224
-0.09509
0.11636
-0.10880
0.14948
-0.07690
0.00043
0.07797
-0.25653
0.16058
0.04221
-0.09171
0.06384
0.19553
-0.30579
0.16635
-0.01276
-0.20468
0.31335
-0.19666
0.12872
-0.10065
0.03067
0.10559
-0.02509
-0.09491
-0.10687
0.18433
-0.05615
0.07126
0.02808
-0.11050
-0.05301
0.13809
-0.09103
0.05179
-0.04565
-0.01245
0.19037
-0.21622
0.04550
0.03979
-0.16025
0.19629
-0.04471
-0.10641
0.13297
0.03418
-0.10516
0.08273
0.00266
-0.02466
0.04785
-0.05524
0.10547
-0.16412
0.18008
-0.04294
-0.17441
0.07968
0.10748
-0.18854
0.09061
0.00098
-0.12531
0.30762
-0.41275
0.23935
-0.01294
-0.15073
0.21161
-0.21011
0.00784
0.08340
-0.02325
-0.15500
0.21762
-0.22913
0.11407
0.11295
-0.44189
0.60165
-0.47928
0.13748
0.29163
-0.56000
0.57150
-0.30743
-0.07538
0.21729
-0.13431
-0.02527
0.25546
-0.41196
0.10873
0.38477
-0.53815
0.56998
-0.30130
-0.16568
0.38733
-0.30347
0.14172
-0.00177
-0.12570
0.24380
0.04935
-0.40305
0.40823
-0.11816
-0.18140
0.62958
-0.73276
0.40250
0.07281
-0.28845
0.42621
-0.40103
0.15067
0.06540
0.05289
-0.19348
0.17041
-0.16714
0.15875
-0.06741
-0.11050
0.31049
-0.37183
0.32950
-0.26279
0.03598
0.02713
-0.16769
0.23849
-0.01260
-0.09286
-0.01358
0.15286
-0.26932
0.12311
0.09604
-0.22183
0.21289
-0.18304
0.15756
-0.06030
-0.06802
-0.08362
-0.01096
0.22678
-0.27573
0.37976
-0.31354
0.17310
-0.12372
-0.03546
0.12823
-0.19043
0.22134
-0.14804
0.16418
-0.23181
0.20264
-0.17374
0.07999
-0.06088
0.07547
0.19180
-0.37897
0.23499
0.06796
-0.20529
0.12744
0.10513
-0.32813
0.32169
-0.21536
0.07230
0.18179
-0.27652
0.12643
0.06348
-0.17233
-0.01328
0.16327
-0.12323
0.05731
-0.01178
0.09042
-0.08505
-0.06836
0.01273
0.10428
-0.14008
0.11005
-0.01154
-0.03281
0.19571
-0.39792
0.27277
-0.06311
-0.11353
0.26920
-0.22940
0.08112
0.08820
-0.22873
0.19690
0.00537
-0.12955
0.08176
0.24356
-0.27557
0.13666
0.00342
-0.30759
0.57916
-0.50970
0.34601
0.00751
-0.34726
0.37692
-0.15851
0.01523
-0.02850
0.19824
-0.24258
0.27554
-0.19751
-0.09995
0.33643
-0.35873
0.29001
-0.24469
0.13531
-0.02383
-0.06702
0.14780
-0.18686
0.20889
-0.22183
0.24323
-0.17059
0.02466
0.11322
-0.11932
0.04141
-0.00076
-0.06961
0.00186
0.14554
-0.33392
0.39917
-0.25101
-0.07736
0.22360
-0.21045
0.06876
0.00351
0.02527
-0.16638
0.30685
-0.29269
0.04663
0.14587
-0.33032
0.39789
-0.27106
0.06232
0.02994
-0.02689
0.00958
-0.07892
-0.03107
0.00360
0.21661
-0.37320
0.48117
-0.42404
0.19095
0.03250
-0.27484
0.38864
-0.39578
0.27545
-0.03790
0.00714
-0.22485
0.40897
-0.43152
0.27911
0.09201
-0.44913
0.67789
-0.56635
0.30298
-0.11447
0.00119
0.06952
-0.03656
-0.09174
0.06509
0.12125
-0.25668
0.34021
-0.39032
0.28891
-0.19388
0.07141
0.13779
-0.24115
0.29285
-0.19119
0.16486
-0.14529
0.00446
0.08823
0.09308
-0.20963
0.24649
0.01993
-0.32529
0.43851
-0.36893
0.12805
0.17453
-0.31213
0.27878
0.04831
-0.34811
0.34750
-0.11804
-0.27490
0.45398
-0.45480
0.23770
0.35458
-0.73615
0.54919
-0.08231
-0.44870
0.58295
-0.43030
0.10410
0.29129
-0.34387
0.12149
0.15353
-0.26822
0.00543
0.30481
-0.30103
0.16498
0.12619
-0.33176
0.39066
-0.20715
-0.16931
0.25717
-0.22543
0.03400
0.18497
-0.00351
-0.28159
0.23712
-0.01898
-0.23843
0.18549
-0.30051
0.24451
0.13419
-0.31708
0.27274
-0.00351
-0.39929
0.25250
0.18744
-0.53433
0.72952
-0.37970
-0.04401
0.44696
-0.79428
0.67688
-0.43805
0.05750
0.20947
-0.09317
0.12534
-0.16196
0.05356
-0.16541
0.23956
-0.28479
0.29865
-0.13159
0.07758
0.10898
-0.29330
0.26724
-0.17825
-0.00607
0.12808
-0.07257
-0.04550
0.29099
-0.28662
0.07565
0.10886
-0.24649
0.37418
-0.40536
0.22119
0.17545
-0.25662
0.20825
-0.28015
0.17468
0.02106
-0.10748
0.06732
0.14920
-0.11142
0.07272
-0.00537
-0.16245
0.30045
-0.24957
0.07413
0.07956
-0.13608
0.24551
-0.13547
-0.21558
0.24530
-0.16925
-0.04111
0.27798
-0.30295
0.20404
0.04355
-0.34503
0.30710
-0.19638
0.09500
0.04645
-0.12302
0.10989
-0.07059
0.08063
-0.18396
0.10031
-0.06638
0.11911
-0.04584
0.06018
-0.07034
-0.05258
0.22955
-0.41943
0.31656
-0.10083
-0.13055
0.29379
-0.20798
-0.01328
-0.04608
0.01202
-0.08850
0.13516
0.00363
-0.02850
0.15939
-0.37009
0.38107
-0.25171
-0.06296
0.29138
-0.28720
0.33142
-0.16113
0.02676
-0.10541
0.04865
0.02823
-0.02225
0.02399
-0.00043
0.11661
-0.31812
0.36902
-0.32471
0.05820
0.23911
-0.34521
0.29712
-0.10913
0.01144
-0.02063
0.05984
-0.12827
0.09622
0.11230
-0.20938
0.29327
-0.28015
0.16791
0.04813
-0.20773
0.20325
-0.22134
0.26486
-0.07022
-0.13696
0.20996
-0.15027
-0.03607
0.11453
-0.04260
-0.11960
0.32080
-0.17468
-0.01230
0.16452
-0.25003
0.14404
-0.07645
0.02051
0.12082
-0.08813
0.09534
-0.06479
-0.02939
0.01434
-0.03098
0.02505
-0.03204
0.20129
-0.19827
0.08926
-0.01685
-0.14590
0.09073
-0.06583
0.20056
-0.18839
0.10339
0.05576
-0.14465
0.05368
-0.01935
-0.07022
0.06491
-0.00037
-0.01154
0.10339
-0.08115
-0.07065
0.10474
-0.15533
-0.05316
0.24094
-0.20923
0.23956
-0.13779
-0.17047
0.35544
-0.44986
0.22253
0.11945
-0.27863
0.38785
-0.27682
0.12079
0.01190
-0.24023
0.20398
-0.11163
0.04749
-0.03214
0.18271
-0.19382
0.04144
0.08951
-0.33081
0.44852
-0.31540
-0.02197
0.35117
-0.33667
0.17627
-0.07111
-0.09601
0.10992
0.02371
-0.07520
0.06531
0.10004
-0.09888
0.04077
-0.03104
-0.00043
-0.06317
0.11758
0.00024
-0.15634
0.21783
-0.06876
-0.15070
0.21277
-0.13220
-0.10818
0.26895
-0.16547
0.00613
0.12985
-0.19226
0.11050
0.04779
-0.21667
0.10474
0.05621
-0.07864
0.18051
-0.19275
0.05148
0.06250
-0.05792
0.04263
-0.04623
0.10327
-0.03214
0.00317
-0.01938
-0.04214
0.07230
0.04086
-0.14288
0.09982
-0.05347
0.11807
-0.02286
-0.17328
0.15326
-0.01785
0.02789
-0.13815
0.09525
0.00241
-0.04053
0.10010
-0.16177
0.08307
-0.01846
-0.00620
0.04596
-0.09271
0.19736
-0.17490
0.00699
0.03113
-0.01550
0.13232
-0.13541
-0.00421
0.08044
-0.05710
0.04330
0.02032
-0.20557
0.20938
-0.05206
0.07568
-0.08401
-0.04111
0.06033
-0.02222
0.08548
-0.18753
0.16843
-0.05557
0.08051
-0.09833
-0.10388
0.16397
-0.07938
-0.09451
0.10648
-0.09995
0.10477
0.02441
-0.18869
0.16461
-0.10611
0.18430
-0.14417
-0.04532
0.15546
-0.00562
-0.04419
-0.06531
0.02026
0.00949
0.11484
-0.17999
0.10953
-0.01437
0.04129
0.05112
-0.24725
0.08395
0.09512
0.00336
-0.03583
-0.01523
-0.02469
0.08408
-0.05948
-0.09106
0.12952
-0.12405
0.18353
-0.03070
-0.17377
0.27509
-0.24005
0.14200
-0.01706
-0.15387
0.28485
-0.06549
-0.04657
-0.11621
0.14087
-0.07712
0.01248
-0.00323
-0.06107
0.23755
-0.21884
0.14859
-0.08316
-0.12918
0.22836
-0.07678
0.00595
-0.00266
0.03479
0.04645
0.00861
-0.13211
0.05325
0.13074
-0.09631
0.02090
0.04239
-0.04395
0.08588
-0.03070
-0.17365
0.28595
-0.19745
0.07260
0.06302
-0.29395
0.40518
-0.29443
0.00851
0.10254
-0.21487
0.15573
0.03946
-0.20944
0.00357
0.23016
-0.27652
0.19412
-0.13574
-0.14297
0.41174
-0.30353
0.02356
0.07819
-0.17368
0.18338
-0.04431
-0.10638
0.07513
-0.04315
0.02261
0.03604
-0.19485
0.12225
0.08237
-0.18253
0.10919
-0.02084
-0.12415
0.23456
-0.14017
-0.16547
0.29214
-0.20770
0.13724
0.01828
-0.20074
0.23584
-0.09036
-0.07440
0.06387
0.07965
-0.12317
0.12146
-0.06149
-0.10446
0.26715
-0.18405
0.08490
-0.00665
-0.03470
0.26019
-0.17911
-0.05328
0.09399
0.02328
0.05774
-0.03604
0.02716
-0.04074
0.06866
0.04987
-0.19073
0.10748
0.02621
-0.01736
0.04126
-0.09534
0.01727
0.10922
-0.13904
-0.04980
0.19559
-0.15839
0.15152
-0.05176
-0.07794
0.10571
-0.07614
0.09705
-0.08890
0.08124
-0.05154
0.11826
-0.04523
-0.05432
0.11987
-0.05368
0.09592
-0.12042
0.08206
0.02811
0.05496
-0.06277
-0.00226
0.04367
-0.09784
0.15387
-0.18198
0.08243
0.07901
-0.23444
0.16852
-0.06073
-0.16284
0.15717
-0.07394
-0.08578
0.06122
-0.05405
0.00885
-0.03699
-0.09753
0.06952
0.01251
-0.09763
0.09882
-0.12109
0.00037
0.06516
-0.10620
0.08923
-0.11844
0.12225
-0.06293
-0.03104
0.01706
-0.06924
0.15515
-0.15576
0.05762
-0.04965
0.01132
0.06699
-0.11359
0.05164
0.00064
0.04056
-0.08124
0.05820
0.04669
-0.05807
0.08844
-0.09595
-0.00253
0.08591
0.01276
-0.02029
-0.00616
-0.04156
0.08215
0.07614
-0.07458
0.03577
0.03992
0.02585
-0.03275
0.07324
-0.05707
0.05933
0.09302
-0.15811
0.11621
-0.02948
0.04358
0.01978
-0.11978
0.08359
0.03973
0.01599
-0.10275
0.11246
-0.04034
-0.02783
0.09967
-0.11374
0.09943
-0.02606
-0.01346
0.00342
-0.05600
0.01404
0.08112
-0.06049
-0.09552
0.19058
-0.13165
0.00577
0.06265
-0.17764
0.16498
-0.01636
-0.13919
0.15964
-0.07953
-0.08047
0.17896
-0.24149
0.01959
0.14862
-0.18185
0.07565
-0.03790
-0.12653
0.12521
-0.04840
-0.17191
0.22031
-0.13306
-0.01926
0.08359
-0.21564
0.18234
-0.02151
-0.10312
0.05179
-0.00797
-0.03625
0.17715
-0.19006
-0.07526
0.26224
-0.21805
0.17331
-0.04825
-0.18137
0.20419
-0.04047
-0.03662
0.02423
0.00534
0.00974
0.10028
-0.09576
0.01480
0.13403
-0.16919
0.15729
0.00104
-0.08282
0.19638
-0.08548
-0.05682
0.08777
0.00931
0.06433
-0.03421
-0.05212
0.11203
-0.01932
0.05508
-0.06616
0.01376
0.02200
0.01608
0.08585
-0.14514
0.12378
-0.03772
-0.00070
-0.00269
0.00314
0.07776
-0.06293
0.11896
-0.14246
0.04596
0.10303
-0.07867
0.07193
-0.03085
0.04245
0.05386
-0.06302
0.00366
0.08652
0.01770
-0.02051
0.02942
-0.02475
0.04132
0.00616
-0.11838
0.06961
0.00061
-0.02151
0.04794
-0.12927
-0.01559
0.01950
-0.09525
0.04709
-0.04056
-0.07971
0.06445
-0.10989
-0.03287
0.01163
-0.09042
0.02304
0.00363
-0.10754
0.03171
-0.02408
-0.11151
0.09674
-0.08786
-0.00525
0.00162
-0.04901
0.07080
-0.13287
0.00906
0.06396
-0.07782
-0.00049
0.05569
-0.06641
0.01788
0.02097
-0.09976
0.12820
-0.02328
-0.06253
0.12790
-0.10101
0.03055
0.05276
-0.08954
0.11279
-0.01413
0.00931
0.08594
-0.08722
0.07324
0.02621
-0.00644
0.06693
-0.00378
0.02420
0.01028
0.01642
0.02524
0.08401
-0.04523
0.00995
0.04303
-0.02902
0.06525
-0.02884
0.02243
0.03696
-0.06339
0.05844
0.00250
-0.03561
0.05487
-0.06024
0.03418
0.00461
0.02725
0.01834
-0.04077
0.00516
-0.01077
0.04510
-0.04675
0.05316
0.00479
-0.00775
-0.00006
-0.04266
0.05139
-0.01093
0.00394
-0.02341
0.02390
0.01978
-0.03537
0.02438
-0.03470
-0.07187
0.07312
0.03928
-0.09326
0.03580
-0.03928
-0.05313
0.01871
-0.07306
0.03748
0.01248
-0.04755
-0.04465
-0.03418
-0.01965
-0.00238
-0.00024
-0.02280
0.03564
-0.11673
0.08963
-0.03986
-0.15985
0.12070
-0.07068
0.03348
0.10291
-0.14667
-0.04129
0.10764
-0.16614
0.12326
0.11288
-0.17935
0.12100
-0.03986
-0.06198
0.11032
-0.01520
-0.05771
0.06253
0.05554
-0.03949
0.10168
-0.01648
-0.11807
0.12482
-0.00217
0.01321
0.06851
-0.04535
0.01846
-0.03000
-0.01422
0.03479
0.05267
0.04236
-0.06781
-0.00607
0.07462
-0.02628
0.01416
0.01437
0.00443
0.03958
0.00754
-0.00125
-0.01608
-0.00507
0.00409
0.04526
-0.00671
-0.00073
0.06470
-0.01730
-0.04126
-0.00320
0.01746
0.06006
0.05243
-0.02734
0.02197
0.00079
0.00296
0.03470
-0.00101
0.05731
0.02084
0.01840
-0.02060
-0.01468
0.00690
0.02734
0.02017
0.02206
0.00052
-0.04398
0.01654
-0.07254
-0.01999
0.00131
0.05078
0.01401
-0.08972
-0.06927
-0.06461
0.02185
-0.04974
-0.00256
-0.02332
-0.05521
0.00449
-0.08896
-0.07559
-0.02084
-0.00659
0.01431
-0.02982
-0.08533
0.02475
-0.07138
-0.06116
0.02765
-0.03839
0.04852
-0.00647
-0.01398
-0.04971
-0.00824
-0.00464
0.02499
0.07294
-0.02820
0.04565
-0.06134
0.00098
0.03580
0.00879
0.09705
0.00693
-0.00018
-0.01025
0.03793
0.01947
0.01022
0.05191
-0.02130
0.06720
0.03372
-0.05917
0.05521
-0.01126
-0.00610
0.05396
-0.03119
0.05399
0.01974
-0.06863
-0.00204
-0.00714
0.04367
0.04565
-0.02597
-0.03867
-0.02075
0.03430
0.03049
-0.02048
-0.02692
0.01190
-0.00952
0.00266
-0.00345
-0.01599
0.03622
-0.00696
-0.02399
0.00217
0.01550
-0.00302
0.02338
-0.01480
-0.00021
0.02148
-0.00299
0.02841
-0.00247
0.06100
0.00467
0.03366
0.02225
-0.05182
0.03571
0.06522
0.02209
0.08328
-0.02179
-0.05725
0.08105
-0.08755
0.07697
0.05157
-0.00992
0.04190
-0.09088
-0.04395
0.00610
0.05008
-0.06284
0.02084
-0.02893
-0.06705
0.02194
-0.16159
-0.02893
0.01132
-0.03598
0.04736
-0.09592
-0.09763
-0.01340
-0.07724
-0.02621
0.04694
-0.03687
0.00272
-0.03894
-0.08154
0.02524
-0.01105
-0.01617
0.02991
-0.00073
0.01431
0.02551
-0.06509
0.02856
0.00500
0.02139
0.07086
0.01471
-0.00266
-0.00125
0.03687
-0.03027
0.07022
0.03149
0.00247
0.07452
-0.02844
-0.02356
0.07404
-0.00287
-0.00790
0.03448
-0.01883
0.06186
0.00232
-0.03601
-0.01550
0.01105
0.00360
0.06146
0.01294
-0.04892
0.04419
-0.06729
0.02264
0.04510
0.00064
0.05356
-0.04431
-0.02374
0.03424
0.00787
-0.02777
0.00107
0.01657
0.00415
0.04144
-0.04922
-0.03110
0.03366
-0.01929
0.03067
0.02353
-0.01279
-0.00177
0.03116
-0.03320
0.01382
0.06927
-0.03217
0.07227
0.00986
-0.05743
0.06915
-0.01236
0.01224
0.08502
-0.02255
0.02356
0.04865
-0.06186
-0.01477
0.03366
-0.00876
0.03558
0.00061
-0.04565
-0.02301
-0.05283
-0.01443
-0.00861
-0.00980
-0.01471
-0.03891
-0.06613
-0.07623
-0.00595
-0.00150
-0.02164
-0.02838
-0.02786
-0.04138
-0.04547
-0.01935
-0.00540
-0.00882
-0.00491
-0.01199
-0.02689
-0.00522
-0.02945
-0.00113
0.01038
0.00931
0.01743
-0.02164
-0.02191
-0.02478
0.04184
0.04688
-0.01035
0.00516
-0.01538
-0.02069
0.03271
0.01016
0.00119
0.03821
-0.00061
-0.01236
0.00009
-0.03864
0.01981
0.05539
-0.02771
0.03537
-0.00775
-0.04233
0.02100
-0.01910
0.02753
0.04150
0.01358
-0.01364
-0.01291
-0.01675
0.02551
0.05914
-0.00336
0.01877
-0.00879
-0.00824
0.04095
-0.01691
0.01797
0.04102
-0.02338
0.03705
-0.01929
-0.01471
0.04034
-0.01981
0.04767
0.01431
0.00073
-0.00742
-0.02164
0.02011
0.02625
0.04639
-0.00641
-0.01480
-0.00500
-0.02368
0.03183
0.02466
0.00455
0.01898
-0.02591
-0.03168
-0.00671
0.02481
-0.00293
0.02390
-0.02673
-0.01770
0.03473
-0.03656
-0.00665
-0.00909
0.00830
0.00488
0.01321
-0.03595
-0.01071
0.01682
-0.00290
0.02502
-0.03412
-0.01208
-0.00433
0.01175
-0.00427
0.02646
0.00064
-0.01834
0.00317
-0.03278
0.05154
0.01013
0.01514
0.00162
-0.04022
0.01630
0.01025
0.00455
0.00360
0.01108
-0.02914
-0.01172
-0.01801
-0.01031
0.02484
-0.01544
-0.02823
-0.02216
-0.01370
-0.01428
-0.00378
-0.04266
-0.02509
-0.01450
-0.02719
-0.01007
-0.04562
-0.03363
-0.02554
-0.00095
-0.00998
-0.01639
-0.04608
-0.05542
-0.00140
0.02094
0.02045
-0.02835
-0.02374
-0.02295
-0.03851
0.03589
0.03482
-0.00797
0.00253
-0.04858
0.00168
0.06073
0.02313
-0.01160
-0.01279
0.01193
0.05038
0.05655
0.00372
-0.01605
0.01465
0.06537
0.03275
0.02979
0.01105
0.00476
0.04059
0.04208
0.04401
0.02148
-0.01303
-0.02078
0.04233
0.06604
0.04193
-0.00177
-0.03412
-0.01099
0.03787
0.04968
0.01450
-0.00775
-0.00226
0.00293
0.01349
0.01584
-0.01956
0.00745
0.00897
0.01056
0.00723
-0.00085
-0.01035
-0.02567
0.01181
0.01062
0.02957
0.00580
-0.02399
-0.00742
0.00714
0.02191
0.01367
0.00134
0.00211
0.02322
0.00861
0.00952
-0.00919
-0.00311
0.02713
0.01089
0.02213
-0.01300
-0.01257
0.00027
-0.02338
0.00900
0.00403
-0.01855
-0.01273
-0.03445
-0.04419
-0.00211
-0.02274
-0.03891
-0.01239
-0.06067
-0.02295
-0.02380
-0.06073
-0.02063
-0.03757
-0.04111
-0.01166
-0.03201
-0.05627
-0.02957
-0.03061
-0.03033
-0.01224
-0.02521
-0.02551
-0.01422
-0.02045
-0.00558
-0.01083
-0.01694
-0.00488
-0.00308
0.01740
0.00830
-0.00018
-0.02090
0.00256
0.01572
0.02469
0.03519
-0.00360
0.01199
0.00674
0.01205
0.02414
0.02078
0.03577
0.02353
0.02951
0.01614
0.01508
0.01602
0.01392
0.03415
0.03537
0.02957
0.01913
-0.00635
-0.00751
0.02646
0.02551
0.02039
0.02301
0.00244
0.00272
-0.00369
-0.00464
0.01184
0.01443
0.01297
-0.00052
-0.01385
-0.00284
-0.00278
0.00800
0.00061
-0.01123
0.00360
-0.00409
0.01712
-0.01291
-0.00937
0.01706
-0.02695
0.02136
0.00317
-0.00034
0.00732
-0.01175
-0.00604
0.01413
0.00580
-0.01013
0.01660
-0.02899
0.04099
0.00833
-0.01044
0.00644
-0.02414
0.03180
0.02393
0.00592
-0.01019
0.00510
-0.02161
0.02869
0.02246
-0.00858
0.02951
-0.02808
0.00177
0.00558
-0.00272
0.01108
-0.00278
-0.00983
-0.01013
-0.00705
-0.02493
-0.01340
-0.02478
-0.01727
-0.00497
-0.02859
-0.03241
-0.04791
-0.01828
-0.02631
-0.01291
-0.01917
-0.04703
-0.01636
-0.03723
-0.01770
-0.00555
-0.01254
-0.02460
-0.01483
-0.01425
-0.01239
0.01215
-0.01016
0.00473
0.00104
-0.01251
0.00894
-0.01050
0.01431
0.02875
0.01111
0.00183
-0.00305
0.00626
0.00900
0.02228
0.01529
0.01129
0.00592
0.00421
0.00455
0.00360
0.00574
0.01105
0.00912
0.00674
-0.00406
-0.01434
0.00140
0.01349
0.02429
0.00708
-0.00705
-0.00775
0.01056
0.02771
0.01434
0.01639
0.00909
0.00589
0.01471
0.01126
0.00919
0.03610
0.04099
0.01303
0.01355
-0.01199
0.01639
0.04745
0.03976
0.03085
0.01019
-0.00040
0.01129
0.05576
0.02322
0.04562
0.03088
-0.00787
0.02704
0.01904
0.03931
0.04642
0.01791
0.00259
0.01645
0.01617
0.00723
0.02225
0.00409
0.00278
0.00717
-0.02475
-0.02344
-0.02277
-0.00760
-0.00259
-0.03915
-0.04071
-0.06140
-0.05466
-0.02368
-0.04861
-0.03305
-0.06473
-0.08353
-0.05551
-0.06497
-0.03146
-0.05249
-0.06342
-0.05853
-0.05920
-0.04010
-0.05042
-0.03784
-0.03818
-0.03235
-0.02161
-0.04053
-0.02032
-0.02148
-0.00458
0.00916
-0.01273
0.01053
-0.01270
0.01614
0.02710
0.01196
0.04190
0.01895
0.02075
0.03870
0.03580
0.04803
0.04498
0.03635
0.03375
0.04434
0.04636
0.04684
0.05396
0.02930
0.04175
0.04095
0.02618
0.04846
0.03275
0.02908
0.03235
0.01117
0.02219
0.02295
0.01279
0.02188
0.00449
0.00485
-0.00269
-0.01358
0.00110
-0.00427
0.00262
-0.01129
-0.03506
-0.02600
-0.02509
-0.01068
-0.01312
-0.02914
-0.03592
-0.04248
-0.02933
-0.02429
-0.02701
-0.02222
-0.04007
-0.03824
-0.03229
-0.02527
-0.01294
-0.02438
-0.02795
-0.02927
-0.01514
-0.01123
-0.01047
-0.00568
-0.01691
0.00046
0.00397
-0.00424
0.00702
0.00262
0.00827
0.02359
0.01624
0.01093
0.01013
0.01663
0.02066
0.03476
0.02429
0.00687
0.01788
0.01254
0.03244
0.03485
0.01730
0.00827
0.01627
0.01907
0.02975
0.02667
0.00763
0.01694
0.01688
0.02158
0.02487
0.01099
0.02145
0.01291
0.02115
0.01544
0.02731
0.03735
0.00214
0.02487
-0.00769
0.04001
0.03574
0.01608
0.00934
0.00555
0.02469
0.01566
0.02542
-0.02808
0.02231
0.00162
-0.00348
0.00427
-0.03513
-0.01294
-0.01764
-0.01819
-0.03867
-0.03275
-0.04776
-0.05322
-0.03555
-0.05844
-0.05045
-0.05655
-0.06940
-0.06580
-0.05887
-0.05136
-0.06451
-0.05563
-0.07379
-0.05991
-0.04346
-0.05481
-0.04144
-0.04660
-0.03931
-0.04108
-0.02887
-0.03149
-0.01657
0.00192
-0.01822
-0.00974
-0.00275
0.00809
0.01688
0.02237
0.01709
0.02869
0.04379
0.02176
0.04065
0.03790
0.05515
0.06314
0.04449
0.05246
0.04114
0.06512
0.06046
0.05081
0.06436
0.04193
0.05762
0.05380
0.04495
0.05246
0.04239
0.03430
0.03625
0.03357
0.02466
0.03445
0.02008
0.00882
0.01364
-0.00253
0.00552
-0.00095
-0.01294
-0.00934
-0.01804
-0.02997
-0.02859
-0.03046
-0.02728
-0.02658
-0.03970
-0.05322
-0.04059
-0.03909
-0.02921
-0.01807
-0.04465
-0.02933
-0.03421
-0.03253
-0.00351
-0.00800
0.00037
0.01913
-0.00897
0.00275
0.01913
0.01572
0.05664
0.05054
0.02606
0.04047
0.04208
0.03745
0.08228
0.04657
0.04935
0.07053
0.02805
0.05045
0.05392
0.04120
0.05054
0.02643
0.01926
0.02081
0.02853
0.00897
-0.00217
0.00290
-0.01715
-0.00186
-0.02725
-0.03763
-0.02774
-0.03049
-0.03247
-0.06079
-0.06061
-0.05774
-0.05212
-0.04221
-0.07007
-0.07526
-0.07117
-0.07324
-0.06000
-0.05807
-0.06815
-0.07126
-0.07175
-0.07458
-0.05667
-0.04501
-0.05487
-0.05667
-0.05713
-0.05432
-0.03116
-0.03262
-0.03308
-0.02374
-0.02695
-0.01141
-0.01947
-0.00235
0.00250
0.01099
0.02274
0.00098
0.02539
0.02151
0.03436
0.04852
0.03751
0.04642
0.04431
0.04874
0.04956
0.06583
0.05911
0.05695
0.06247
0.04572
0.06149
0.06326
0.05679
0.05777
0.05435
0.04645
0.04471
0.04535
0.03760
0.04745
0.04248
0.02682
0.02423
0.02060
0.01965
0.02972
0.02231
0.00937
0.00934
0.00082
0.00549
0.00473
0.00595
0.00269
-0.00565
-0.01007
-0.01523
-0.00690
-0.00412
-0.00821
-0.01691
-0.02011
-0.02710
-0.01691
-0.01395
-0.02496
-0.01883
-0.02896
-0.02557
-0.02542
-0.02658
-0.02301
-0.02475
-0.02548
-0.02679
-0.01541
-0.00818
-0.02411
-0.02811
-0.02795
-0.00565
0.01913
-0.00549
-0.02695
-0.02057
-0.00458
0.02072
0.01303
-0.02084
0.00027
0.00406
0.01102
0.00165
-0.01245
0.00522
0.00848
0.01154
-0.01154
-0.00766
-0.00845
-0.00238
0.00305
-0.00684
-0.00714
-0.01563
-0.01749
-0.01788
-0.00510
-0.00186
-0.01266
-0.02277
-0.02667
-0.01886
0.00027
-0.00885
-0.01797
-0.01526
-0.02151
-0.00864
-0.00800
-0.01028
-0.00641
-0.00729
-0.01065
-0.00912
-0.00647
-0.00116
0.00055
0.00165
-0.00681
-0.00580
-0.00021
0.00427
0.00323
0.00375
0.00391
-0.00504
-0.00223
-0.00208
0.00613
0.00543
0.00946
-0.00375
-0.00525
-0.00644
-0.01428
0.02075
0.00137
0.00504
-0.00769
-0.01831
-0.00269
0.00391
0.01025
0.00635
0.00711
-0.01318
-0.00192
0.00031
0.01788
0.02359
0.01315
0.00430
0.00467
0.02029
0.02182
0.02448
0.02832
0.03378
0.03674
0.03223
0.02261
0.03668
0.05469
0.05954
0.05130
0.04749
0.04794
0.05869
0.06790
0.05231
0.06924
0.07129
0.05933
0.06046
0.04572
0.06033
0.07053
0.05981
0.03650
0.03427
0.03607
0.03125
0.03806
0.00552
0.00888
0.00122
-0.01364
-0.01572
-0.02524
-0.02548
-0.03888
-0.05484
-0.06674
-0.06198
-0.06070
-0.07367
-0.08676
-0.09143
-0.09198
-0.08994
-0.09952
-0.10358
-0.09894
-0.09369
-0.10193
-0.10516
-0.10733
-0.09393
-0.08542
-0.08508
-0.08453
-0.08890
-0.07419
-0.07489
-0.05771
-0.04916
-0.04556
-0.04108
-0.04111
-0.03226
-0.01297
0.00345
0.00153
0.00555
0.00772
0.01938
0.03555
0.04623
0.04465
0.05426
0.06073
0.05505
0.07150
0.07224
0.08029
0.09134
0.07892
0.08170
0.08490
0.08566
0.08655
0.08759
0.08527
0.07867
0.08145
0.06845
0.06201
0.07300
0.05646
0.05826
0.04733
0.03177
0.03650
0.02826
0.02014
0.01904
0.00739
-0.00217
-0.00757
-0.01205
-0.01297
-0.01547
-0.02634
-0.03738
-0.03473
-0.03497
-0.03760
-0.04007
-0.04846
-0.04752
-0.04166
-0.04794
-0.04880
-0.04678
-0.04538
-0.04141
-0.04590
-0.04822
-0.04129
-0.03323
-0.03372
-0.03427
-0.03955
-0.03098
-0.02255
-0.02020
-0.01871
-0.02032
-0.01614
-0.00964
-0.00662
-0.00406
0.00565
0.00562
0.00467
0.01236
0.00946
0.02713
0.02768
0.02457
0.03186
0.03168
0.03760
0.04565
0.04300
0.04425
0.05225
0.04285
0.06451
0.05176
0.05676
0.05042
0.04269
0.06433
0.05637
0.06088
0.03397
0.04175
0.03336
0.05304
0.03842
0.01523
0.02896
-0.00082
0.02490
0.00140
-0.01199
-0.00870
-0.01935
-0.02341
-0.03635
-0.04282
-0.05515
-0.04865
-0.05963
-0.07254
-0.06754
-0.08627
-0.08353
-0.08673
-0.09048
-0.08817
-0.09549
-0.09744
-0.09805
-0.08780
-0.09030
-0.08960
-0.08789
-0.07971
-0.07556
-0.06244
-0.06558
-0.05804
-0.04123
-0.04190
-0.02963
-0.02322
-0.01343
0.00473
0.01382
0.01147
0.01724
0.03180
0.04709
0.06241
0.05975
0.05460
0.06873
0.08197
0.08795
0.09067
0.08383
0.09000
0.09848
0.10068
0.09720
0.09360
0.08588
0.08932
0.09369
0.09583
0.07999
0.06796
0.05527
0.06189
0.07327
0.05386
0.03354
0.02399
0.01987
0.02350
0.01587
-0.00711
-0.00748
-0.01297
-0.02292
-0.03760
-0.03528
-0.04340
-0.04080
-0.04147
-0.06824
-0.06046
-0.06805
-0.06006
-0.04523
-0.05704
-0.06262
-0.07159
-0.05612
-0.04883
-0.03326
-0.03391
-0.03531
-0.03009
-0.03360
-0.01797
-0.00781
0.01422
0.01520
-0.00137
0.00641
0.01816
0.02866
0.04584
0.02942
0.03299
0.05441
0.02731
0.03253
0.03998
0.04291
0.06372
0.03668
0.00989
0.02017
0.03107
0.03525
0.02509
0.00778
-0.00763
0.00650
-0.00391
-0.01227
-0.00409
-0.02139
-0.02197
-0.03226
-0.04187
-0.03006
-0.03799
-0.03708
-0.04916
-0.04837
-0.04648
-0.05997
-0.04449
-0.05219
-0.04025
-0.04547
-0.06128
-0.05133
-0.04471
-0.02841
-0.03641
-0.03723
-0.03989
-0.03308
-0.01828
-0.02283
-0.01312
-0.01001
-0.00989
-0.00836
-0.00497
0.00278
0.01276
0.01584
0.01151
0.01221
0.01703
0.02408
0.02542
0.03137
0.02893
0.02890
0.03030
0.02673
0.03476
0.04083
0.03482
0.03119
0.03146
0.02786
0.03833
0.03210
0.02924
0.02933
0.02878
0.02490
0.02164
0.02521
0.01993
0.03119
0.01688
0.01321
0.01572
0.01331
0.02185
0.01569
0.01266
0.01126
0.01031
0.00873
0.01111
0.00919
0.01563
0.00891
0.00589
0.00278
0.00269
0.00861
0.00748
0.00897
-0.00055
-0.00162
-0.00290
-0.00467
0.00656
-0.00223
-0.00287
-0.00507
-0.01321
0.00284
-0.01532
-0.00558
-0.01782
0.00208
0.01175
-0.02686
-0.01236
-0.04144
0.01349
0.01843
-0.00671
-0.03235
-0.03326
0.00153
0.00430
0.01401
-0.04437
-0.00797
-0.00470
-0.01062
-0.00717
-0.02948
-0.00476
-0.00180
-0.00775
-0.03503
-0.01910
-0.01187
-0.01147
-0.00562
-0.02536
-0.02289
-0.01706
-0.02707
-0.01334
-0.00647
-0.01111
-0.02640
-0.03009
-0.02118
-0.00073
-0.00101
-0.02139
-0.02481
-0.01376
-0.00397
-0.00815
-0.01056
-0.01413
0.00092
-0.00146
-0.01605
-0.01013
-0.00629
0.01080
0.00211
-0.00696
-0.00861
-0.00333
0.00793
0.00443
0.00320
0.00449
0.00018
0.00500
0.00769
0.00854
0.01080
0.00970
0.01257
0.01154
0.01425
0.00851
0.01447
0.02832
0.01538
0.01505
0.00708
0.01437
0.03934
0.01569
0.01108
0.00104
0.01926
0.02634
0.01578
0.01004
-0.00797
0.01807
0.00385
0.00992
0.00256
-0.00122
-0.00006
0.00174
-0.00336
-0.00461
0.00342
-0.01236
0.00665
-0.00119
-0.00128
-0.00131
-0.00061
0.00610
0.01370
0.00772
0.00372
0.02856
0.01910
0.02209
0.02206
0.01288
0.04947
0.04547
0.02997
0.03510
0.03342
0.04666
0.05774
0.03824
0.03348
0.05402
0.04355
0.04080
0.03625
0.02148
0.04071
0.04126
0.01727
0.01581
0.00406
0.00638
0.01129
-0.00125
-0.01544
-0.02414
-0.02246
-0.03601
-0.02829
-0.04312
-0.05377
-0.05460
-0.06870
-0.05939
-0.07028
-0.06924
-0.08398
-0.08176
-0.08139
-0.09024
-0.08005
-0.08926
-0.08377
-0.08282
-0.09189
-0.08096
-0.08005
-0.06934
-0.06625
-0.07535
-0.05914
-0.05865
-0.04172
-0.04047
-0.04047
-0.02701
-0.02029
-0.00729
-0.00580
0.00458
0.00845
0.02206
0.02792
0.03357
0.04355
0.04892
0.05551
0.06110
0.06705
0.06668
0.08054
0.07498
0.08392
0.08704
0.08023
0.08524
0.08151
0.08331
0.08682
0.08209
0.07336
0.07202
0.06424
0.06454
0.06201
0.05493
0.04657
0.04053
0.03070
0.02490
0.02689
0.01434
0.01505
0.00101
-0.01230
-0.00772
-0.01379
-0.01428
-0.01862
-0.03757
-0.03577
-0.03799
-0.03558
-0.03445
-0.04843
-0.04950
-0.05289
-0.04340
-0.04886
-0.04871
-0.04953
-0.05161
-0.04108
-0.05261
-0.04501
-0.04102
-0.03772
-0.03049
-0.04086
-0.03372
-0.02753
-0.02164
-0.01041
-0.01740
-0.00772
-0.01196
-0.00259
0.00055
0.02203
0.02582
0.00842
0.01764
0.00858
0.05219
0.04898
0.04016
0.02515
0.03821
0.05374
0.05582
0.05707
0.02679
0.06345
0.05005
0.04889
0.04150
0.03296
0.05023
0.04456
0.03348
0.01712
0.02460
0.02155
0.01132
0.01437
-0.00342
-0.00107
-0.00644
-0.02844
-0.01773
-0.02292
-0.02579
-0.04166
-0.04941
-0.04907
-0.04465
-0.04874
-0.06693
-0.06473
-0.05786
-0.06262
-0.07111
-0.07220
-0.07382
-0.05569
-0.06406
-0.07837
-0.06903
-0.06540
-0.05182
-0.05606
-0.05893
-0.05594
-0.04153
-0.03998
-0.04352
-0.02905
-0.02191
-0.01477
-0.01263
-0.01736
0.00131
0.01230
0.01920
0.01865
0.02414
0.03305
0.04010
0.04858
0.04816
0.05951
0.06546
0.06680
0.06461
0.06885
0.08090
0.08173
0.08279
0.07208
0.07449
0.08423
0.07834
0.08044
0.06296
0.06265
0.06741
0.06747
0.05392
0.03882
0.04016
0.03119
0.04715
0.01947
0.00763
0.00952
-0.00012
0.01117
-0.01059
-0.02045
-0.02142
-0.01041
-0.01810
-0.03778
-0.03647
-0.04266
-0.00864
-0.01633
-0.04999
-0.03897
-0.04449
-0.01013
-0.00385
-0.02771
-0.03424
-0.02533
-0.00406
-0.00751
0.00290
-0.01904
-0.00388
0.01147
-0.01218
0.00687
-0.00247
0.00580
0.01321
-0.00287
-0.00180
-0.00851
0.00623
-0.00577
-0.00266
-0.00272
-0.02606
-0.00464
-0.02856
-0.01550
-0.01471
-0.02698
-0.02713
-0.04013
-0.02603
-0.03610
-0.02771
-0.03809
-0.04276
-0.02826
-0.04510
-0.03726
-0.03778
-0.03537
-0.02850
-0.03665
-0.03732
-0.03448
-0.02325
-0.02170
-0.02701
-0.02225
-0.01889
-0.01221
-0.01059
-0.01379
-0.00623
0.00671
0.00330
0.00204
0.00308
0.01257
0.02277
0.02310
0.01801
0.01987
0.03149
0.03241
0.03101
0.03497
0.03217
0.04373
0.04025
0.02814
0.04141
0.03857
0.04227
0.04065
0.02823
0.03506
0.03186
0.03177
0.02890
0.02679
0.02417
0.01749
0.01477
0.01016
0.01617
0.01324
-0.00052
0.00040
-0.00198
-0.00125
-0.00168
-0.01370
-0.01129
-0.00400
-0.01144
-0.01486
-0.02081
-0.01627
-0.00787
-0.00769
-0.01761
-0.01965
-0.01001
-0.01352
-0.00220
-0.00998
-0.00955
0.00009
-0.00552
0.00275
-0.00211
0.00412
0.00214
0.01492
0.01730
0.00320
0.01141
0.00308
0.02649
0.02756
0.01837
0.00485
0.01389
0.02283
0.02429
0.02374
-0.00009
0.01715
0.01968
0.01141
0.00552
0.00098
0.00714
0.01083
-0.00101
-0.01648
-0.00967
-0.00394
-0.01016
-0.01083
-0.02438
-0.02539
-0.02014
-0.02887
-0.02341
-0.02304
-0.02661
-0.03543
-0.03790
-0.03226
-0.02353
-0.02264
-0.03558
-0.03363
-0.02808
-0.02551
-0.02759
-0.02405
-0.02039
-0.01587
-0.02151
-0.02798
-0.01755
-0.00818
-0.00635
-0.01364
-0.01443
-0.01111
-0.00452
-0.00620
-0.00659
0.00113
0.00067
-0.00479
-0.00983
0.00125
0.00754
0.00610
0.00113
-0.00616
0.00800
0.01028
0.00510
0.00592
0.00580
0.01645
0.01395
0.01230
0.00598
0.01569
0.02377
0.02081
0.02664
0.01520
0.01355
0.03052
0.02554
0.03687
0.02515
0.01508
0.02802
0.03027
0.03604
0.01886
0.02380
0.01727
0.02991
0.02798
0.00580
0.02121
0.01190
0.01639
0.01572
0.00058
0.00470
0.01144
0.01245
-0.00308
0.00049
-0.01385
0.01285
0.02945
-0.01364
0.00061
-0.02240
0.01511
0.03394
0.00742
-0.00781
-0.00595
0.01993
0.01672
0.02838
-0.01346
0.01495
0.02872
0.00278
0.01907
-0.00729
0.01526
0.02267
0.00543
0.00040
-0.00806
0.00516
-0.00790
0.00970
-0.01141
-0.01697
-0.00861
-0.03000
-0.00739
-0.01810
-0.01993
-0.02673
-0.03485
-0.02261
-0.02951
-0.02145
-0.03772
-0.03256
-0.02240
-0.04053
-0.02856
-0.03802
-0.02954
-0.02176
-0.03647
-0.03802
-0.03665
-0.02686
-0.02316
-0.03299
-0.03778
-0.03473
-0.02310
-0.02448
-0.03531
-0.02792
-0.02881
-0.01627
-0.02634
-0.02695
-0.01782
-0.01849
-0.00552
-0.01886
-0.01041
-0.00388
0.00067
0.00363
0.00406
0.00586
0.01837
0.02094
0.01831
0.02692
0.03003
0.03125
0.03979
0.03635
0.04279
0.04593
0.03973
0.04340
0.05130
0.04907
0.04492
0.04050
0.03635
0.04764
0.04584
0.03223
0.02805
0.02972
0.02838
0.02985
0.01559
0.00967
0.02188
0.00891
0.01071
-0.00189
-0.00079
0.00443
0.00031
-0.00537
-0.01141
-0.00638
-0.01151
-0.00458
-0.01450
-0.01511
-0.01062
-0.01852
-0.00720
-0.01917
-0.01624
-0.01794
-0.01819
-0.00836
-0.02054
-0.01511
-0.01788
-0.01514
-0.01160
-0.01877
-0.01837
0.00491
-0.00638
-0.01349
-0.01828
-0.01248
0.02032
0.01309
-0.00244
-0.01846
0.01285
0.01462
0.02570
0.01303
-0.00882
0.03537
0.01331
0.01855
0.01334
0.01385
0.03049
0.01770
0.01074
0.00275
0.01990
0.01431
0.00598
0.01263
-0.00668
0.00293
-0.00293
-0.00745
0.00412
-0.00870
-0.01434
-0.02600
-0.01236
-0.01215
-0.01263
-0.02441
-0.03476
-0.02069
-0.01920
-0.02576
-0.03131
-0.02444
-0.02985
-0.02051
-0.03378
-0.03128
-0.02130
-0.02505
-0.02429
-0.03113
-0.02469
-0.02014
-0.01685
-0.02441
-0.02744
-0.01447
-0.01181
-0.01331
-0.01950
-0.01617
-0.00757
-0.00363
-0.01038
-0.01044
-0.00327
0.00424
0.00119
-0.00412
-0.00348
0.00766
0.01843
0.00751
0.00452
0.00848
0.01932
0.02579
0.01202
0.01764
0.02390
0.03555
0.02792
0.01572
0.02710
0.03427
0.04495
0.03415
0.02109
0.02780
0.03354
0.03751
0.03394
0.02811
0.02954
0.02252
0.01816
0.01611
0.02591
0.02780
0.01450
0.01276
-0.00656
0.00687
0.00867
0.01501
0.02750
-0.00824
-0.00650
-0.01807
0.01486
0.03137
0.01648
-0.00342
-0.01758
0.01749
0.01660
0.03040
0.00320
0.00763
0.03226
0.00400
0.01697
0.00113
0.02502
0.03470
0.00623
-0.00021
-0.01135
0.01700
0.01123
0.00366
-0.00620
-0.02411
-0.00699
-0.01923
-0.01974
-0.01208
-0.02612
-0.02878
-0.04337
-0.04129
-0.02563
-0.03146
-0.03641
-0.05127
-0.04398
-0.03653
-0.04568
-0.03561
-0.04495
-0.03574
-0.03198
-0.05319
-0.03717
-0.03741
-0.02313
-0.02399
-0.04291
-0.03455
-0.03363
-0.01251
-0.02338
-0.02310
-0.02264
-0.02213
-0.00964
-0.01895
-0.01001
-0.00671
-0.00201
-0.00214
-0.00711
0.00012
0.00894
0.01596
0.01367
0.01175
0.01608
0.02271
0.02457
0.02957
0.03238
0.03497
0.03220
0.03098
0.03439
0.04465
0.04416
0.03809
0.03452
0.03171
0.04077
0.03580
0.03671
0.02692
0.02899
0.02432
0.01743
0.02283
0.01190
0.02148
0.00610
0.00058
0.00430
-0.00134
0.00522
-0.00500
-0.00931
-0.00711
-0.01035
-0.00729
-0.01160
-0.00912
-0.00986
-0.01074
-0.01392
-0.01501
-0.00351
-0.00488
-0.00693
-0.01181
-0.01300
-0.00211
0.00101
-0.00287
-0.00226
-0.00610
-0.00327
0.00296
0.00140
0.00711
0.00070
0.00037
0.00278
0.00458
0.01456
0.00333
0.01233
0.00595
0.00687
0.01187
0.00235
0.03308
0.01773
0.00830
-0.00238
0.00168
0.04138
0.03018
0.01505
-0.01343
0.00888
0.02393
0.02606
0.01138
-0.00818
0.01498
0.00833
0.00247
-0.00778
-0.00308
0.00601
-0.00110
-0.01453
-0.02429
-0.01031
-0.01828
-0.01944
-0.01801
-0.02698
-0.02570
-0.03909
-0.03662
-0.02460
-0.02383
-0.03610
-0.04794
-0.04135
-0.03009
-0.02670
-0.03760
-0.04382
-0.03760
-0.02579
-0.03464
-0.03290
-0.03073
-0.02667
-0.01938
-0.03259
-0.02313
-0.01941
-0.01099
-0.01215
-0.01764
-0.00623
-0.00876
0.00272
-0.00037
0.00116
0.01239
0.00812
0.01263
0.01126
0.02377
0.02692
0.02466
0.01868
0.02335
0.03757
0.03830
0.03381
0.02725
0.03052
0.03595
0.04123
0.03473
0.03506
0.03247
0.03024
0.03079
0.03107
0.03055
0.03003
0.02173
0.02271
0.02213
0.01816
0.01590
0.00986
0.01962
0.01212
0.00848
-0.00577
-0.00101
0.01062
0.00336
-0.00327
-0.02109
-0.00888
-0.00208
-0.00458
-0.01938
-0.02515
-0.01489
-0.01062
-0.01224
-0.02783
-0.02777
-0.01105
-0.01401
-0.01086
-0.02603
-0.02011
-0.00778
-0.00342
-0.00140
-0.01056
0.00052
-0.00360
0.01175
0.01480
0.01474
0.01993
0.01175
0.02435
0.03168
0.03604
0.02649
0.02643
0.03586
0.04095
0.04236
0.02155
0.02335
0.03622
0.03711
0.02878
0.00873
0.00836
0.01407
0.01810
-0.00061
-0.01328
-0.01074
-0.01736
-0.01456
-0.03293
-0.03644
-0.03665
-0.04108
-0.04941
-0.05560
-0.05328
-0.05600
-0.05603
-0.06543
-0.06635
-0.05823
-0.05988
-0.05731
-0.06226
-0.05649
-0.05197
-0.04700
-0.04428
-0.04617
-0.03247
-0.03168
-0.02200
-0.02203
-0.02048
-0.00732
-0.00470
0.00583
0.00244
0.01218
0.01367
0.02118
0.02612
0.02429
0.03723
0.03336
0.04099
0.03922
0.04123
0.04736
0.04413
0.05301
0.04605
0.05222
0.04767
0.04547
0.05261
0.04678
0.05331
0.04144
0.03973
0.04022
0.03937
0.04208
0.02927
0.02841
0.02182
0.01926
0.02090
0.01273
0.01111
0.00259
-0.00644
-0.00522
-0.00778
-0.00839
-0.01547
-0.02582
-0.02560
-0.02551
-0.02460
-0.03040
-0.03522
-0.03033
-0.03391
-0.02917
-0.03580
-0.03387
-0.02338
-0.03076
-0.02039
-0.02945
-0.01855
-0.01425
-0.01358
-0.00858
-0.01270
0.00009
-0.00171
0.00433
0.00647
0.00519
0.01486
0.01010
0.01688
0.01678
0.01837
0.02045
0.02020
0.02081
0.01868
0.02048
0.01993
0.01944
0.02002
0.01385
0.01413
0.01334
0.01154
0.00952
0.00595
0.00284
0.00479
0.00021
-0.00272
-0.00702
-0.00671
-0.00638
-0.01141
-0.01166
-0.01736
-0.01196
-0.01733
-0.02042
-0.01965
-0.02002
-0.01636
-0.02148
-0.02490
-0.02432
-0.02020
-0.01767
-0.02277
-0.02203
-0.02472
-0.01981
-0.01837
-0.01865
-0.01724
-0.01926
-0.01846
-0.01617
-0.01459
-0.01254
-0.01212
-0.00769
-0.00891
-0.00784
-0.01050
-0.00418
0.00214
0.00809
0.00455
0.00177
0.00430
0.01053
0.01947
0.01816
0.01892
0.02081
0.02548
0.02957
0.02567
0.02206
0.02704
0.03732
0.05743
0.03528
0.01547
0.00845
0.03122
0.06696
0.04984
0.01727
-0.00928
0.01730
0.03467
0.04123
0.01364
-0.00516
0.01025
0.00183
0.00452
-0.00818
-0.00134
-0.00058
-0.00735
-0.02087
-0.02774
-0.01712
-0.02161
-0.01535
-0.01498
-0.02704
-0.03284
-0.04208
-0.02847
-0.00769
-0.01114
-0.02988
-0.04337
-0.03293
-0.01227
-0.00424
-0.01468
-0.02258
-0.01877
-0.01102
-0.01068
-0.00565
0.00064
0.00296
0.00439
-0.00439
-0.00128
0.01013
0.01285
0.02036
0.01389
0.01517
0.01324
0.01410
0.02115
0.02469
0.02878
0.02057
0.01614
0.01752
0.02240
0.02319
0.01904
0.01505
0.01675
0.01526
0.00922
0.00211
0.00241
0.00775
0.00662
-0.00018
-0.01773
-0.01804
-0.01291
-0.00729
-0.00848
-0.02576
-0.03360
-0.03339
-0.02487
-0.02017
-0.02652
-0.03360
-0.03839
-0.03531
-0.02969
-0.03098
-0.02252
-0.02850
-0.02658
-0.02554
-0.02936
-0.01636
-0.01666
-0.00671
-0.00696
-0.00903
-0.00995
-0.00867
0.00656
0.01276
0.01648
0.00745
0.00424
0.01358
0.02371
0.02802
0.02567
0.02243
0.02548
0.02866
0.02808
0.03339
0.03552
0.03940
0.03113
0.02823
0.03485
0.03738
0.04431
0.03247
0.02954
0.03369
0.03198
0.03558
0.02594
0.03207
0.02576
0.02676
0.01364
0.01273
0.01950
0.01733
0.01404
-0.00400
-0.00629
-0.00513
-0.00061
-0.00616
-0.01624
-0.01959
-0.02631
-0.02377
-0.02966
-0.02890
-0.02942
-0.03433
-0.03625
-0.04227
-0.03635
-0.03888
-0.03339
-0.04010
