C:\Users\User1\STM32CubeIDE\workspace_1.5.0\audio\tools\sample-data-easy_louder.txt   1 channel (mono)
Sample Rate: 16000 Hz. Sample values on linear scale.
Length processed: 10474 samples 0.65463 seconds.
easy

0.01016
0.01666
0.01498
0.01535
0.01300
0.00897
0.00919
0.00873
0.00528
0.00351
0.00046
-0.00079
-0.00363
-0.00433
-0.00708
-0.00906
-0.01291
-0.01535
-0.01480
-0.01733
-0.02432
-0.02414
-0.02084
-0.02216
-0.03094
-0.03278
-0.02533
-0.02884
-0.03226
-0.03461
-0.02789
-0.02567
-0.03305
-0.03845
-0.02805
-0.02072
-0.02740
-0.03226
-0.02667
-0.01947
-0.02356
-0.02695
-0.01770
-0.00742
-0.01599
-0.02298
-0.01056
-0.00003
-0.00375
-0.01129
-0.00415
0.01392
0.01074
-0.00204
0.00211
0.02649
0.03195
0.00732
0.01099
0.04105
0.04922
0.02496
0.02875
0.06241
0.07492
0.03192
0.03290
0.04846
0.14420
0.16333
-0.09247
0.04935
0.20172
0.04904
0.12521
0.07138
-0.03027
0.14871
0.14850
-0.10333
0.15854
0.15314
-0.17877
0.10919
0.06537
-0.06317
0.04071
-0.08752
-0.05191
-0.00229
-0.10721
-0.15674
-0.08984
-0.05484
-0.19516
-0.24551
-0.11511
-0.13168
-0.24246
-0.22214
-0.18787
-0.16644
-0.23962
-0.27579
-0.17697
-0.04343
-0.09216
-0.36249
-0.25735
0.08063
0.05823
-0.18063
-0.09909
0.01172
0.04929
0.15073
-0.05826
0.12759
0.34637
0.03177
0.07755
0.31580
0.33087
0.24527
0.17221
0.23923
0.40192
0.33423
0.14777
0.28720
0.38895
0.28214
0.13446
0.15491
0.37643
0.27219
0.05008
0.07010
0.15683
0.19812
0.05414
-0.03574
0.04346
0.02603
-0.05042
-0.09033
-0.09137
-0.03915
-0.09888
-0.24719
-0.18970
-0.11600
-0.18112
-0.22061
-0.26044
-0.27332
-0.21008
-0.22867
-0.31055
-0.24112
-0.21768
-0.29785
-0.29959
-0.26349
-0.16248
-0.19330
-0.29828
-0.21851
-0.15048
-0.13940
-0.14337
-0.15775
-0.06848
-0.01035
-0.10641
-0.07028
0.08984
0.06311
0.03110
0.06058
0.08545
0.17438
0.18134
0.12543
0.18884
0.22583
0.18652
0.21478
0.24826
0.25964
0.22708
0.21112
0.21091
0.23816
0.26416
0.16122
0.19067
0.17966
0.12381
0.19238
0.08621
0.07980
0.13226
0.02127
0.03265
0.03772
-0.00119
0.01379
-0.04828
-0.06396
-0.02170
-0.05399
-0.06888
-0.07742
-0.10455
-0.07318
-0.06015
-0.13123
-0.06665
-0.06296
-0.12674
-0.07916
-0.08807
-0.07538
-0.04385
-0.08893
-0.09555
-0.05743
-0.06653
-0.07590
-0.03818
-0.06058
-0.09201
-0.08484
-0.06723
-0.03912
-0.08020
-0.10016
-0.08661
-0.10394
-0.05865
-0.07822
-0.13657
-0.07056
-0.09509
-0.11832
-0.06931
-0.11746
-0.06500
-0.05753
-0.13327
-0.08151
-0.02655
-0.08441
-0.04547
-0.02576
-0.07126
0.00671
-0.01691
-0.01846
0.03503
0.05429
0.04388
0.03439
0.10837
0.11081
0.11441
0.12784
0.14218
0.18585
0.20901
0.18652
0.18622
0.25656
0.24948
0.22137
0.25696
0.27615
0.27725
0.25989
0.22705
0.25977
0.30670
0.23529
0.19095
0.21252
0.21176
0.17871
0.14059
0.11237
0.10321
0.07977
-0.01019
-0.00586
-0.01697
-0.05362
-0.12915
-0.20239
-0.11270
-0.19617
-0.29404
-0.25778
-0.27576
-0.31772
-0.35889
-0.37354
-0.34967
-0.33087
-0.42426
-0.43170
-0.32443
-0.36841
-0.40118
-0.35016
-0.32288
-0.28360
-0.35721
-0.29041
-0.17227
-0.24060
-0.20654
-0.16180
-0.11148
-0.08252
-0.12561
-0.04370
0.06180
0.01648
0.00223
0.09372
0.14621
0.20313
0.07211
0.08682
0.32999
0.34589
0.37634
0.10745
0.07761
0.59308
0.51001
0.18552
0.33438
0.45575
0.37701
0.51080
0.24326
0.33435
0.77002
0.26028
0.15338
0.51343
0.45908
0.37033
0.23721
0.16675
0.39343
0.36078
-0.00412
0.09647
0.23523
0.09744
-0.02112
-0.19394
0.00281
0.09897
-0.25516
-0.35654
-0.19278
-0.11673
-0.26886
-0.44919
-0.37573
-0.23727
-0.37454
-0.49210
-0.40979
-0.35651
-0.36609
-0.46997
-0.52551
-0.36261
-0.30814
-0.43719
-0.46201
-0.37173
-0.30243
-0.32440
-0.37949
-0.29852
-0.19464
-0.25522
-0.28674
-0.22058
-0.10907
-0.04541
-0.15308
-0.19214
0.03799
0.09836
-0.07993
0.04977
0.16461
0.14609
0.18967
0.11160
0.24963
0.41422
0.29388
0.22681
0.42697
0.45602
0.39081
0.47882
0.43835
0.46222
0.53009
0.51471
0.42426
0.55121
0.51062
0.34286
0.49463
0.44672
0.36282
0.33304
0.29761
0.24445
0.18903
0.20279
0.10529
0.02710
-0.04382
-0.06165
-0.08289
-0.18436
-0.21579
-0.29614
-0.32608
-0.36169
-0.38672
-0.45798
-0.45355
-0.46368
-0.60547
-0.56247
-0.47543
-0.57498
-0.62711
-0.48044
-0.62244
-0.54486
-0.54080
-0.64923
-0.41006
-0.31949
-0.35007
-0.48682
-0.43997
-0.34058
0.00797
-0.01932
-0.34763
-0.04230
0.11710
0.12708
0.11975
0.15002
0.36105
0.44907
0.32382
0.28659
0.61557
0.71384
0.50699
0.49167
0.64328
0.80426
0.69919
0.55768
0.62106
0.75427
0.69662
0.48911
0.52994
0.63843
0.58282
0.36557
0.25546
0.42801
0.45859
0.19156
0.04349
0.16177
0.18826
-0.02228
-0.09521
-0.04355
-0.10721
-0.20584
-0.27771
-0.32550
-0.26678
-0.29163
-0.50845
-0.50058
-0.41180
-0.48563
-0.52679
-0.54749
-0.57047
-0.57065
-0.55911
-0.59738
-0.55273
-0.51093
-0.54239
-0.57236
-0.54355
-0.42551
-0.41434
-0.45392
-0.40271
-0.33707
-0.31265
-0.26230
-0.22705
-0.19550
-0.08728
-0.09576
-0.08621
0.00574
0.09491
0.14105
0.14365
0.20169
0.17877
0.31931
0.43176
0.35901
0.31857
0.49783
0.49841
0.38037
0.63681
0.50552
0.43118
0.68716
0.48611
0.35220
0.69019
0.54459
0.31445
0.54395
0.36603
0.32944
0.52341
0.21155
0.13177
0.36786
0.14084
0.04337
0.10748
0.00360
0.03259
-0.14099
-0.24103
-0.09201
-0.12500
-0.29129
-0.41910
-0.34384
-0.28772
-0.40588
-0.49515
-0.43903
-0.42682
-0.51419
-0.55005
-0.53256
-0.39880
-0.53940
-0.62595
-0.54947
-0.35846
-0.19888
-0.54248
-0.67752
-0.33356
-0.06085
-0.25842
-0.32465
-0.24722
-0.03427
0.09503
-0.19913
-0.03101
0.30759
0.31555
0.09869
0.09271
0.42950
0.60760
0.44000
0.27814
0.51981
0.70776
0.60034
0.45657
0.50534
0.74371
0.68198
0.42194
0.45184
0.65778
0.67517
0.41058
0.26138
0.44406
0.56189
0.33813
0.11945
0.22684
0.28635
0.11908
0.00912
0.00089
0.05511
-0.02097
-0.24091
-0.27432
-0.15192
-0.17535
-0.34286
-0.44473
-0.39426
-0.34760
-0.44406
-0.52090
-0.46127
-0.44452
-0.53137
-0.57452
-0.53162
-0.45367
-0.41611
-0.51486
-0.57141
-0.43665
-0.33188
-0.38525
-0.41443
-0.28583
-0.26746
-0.29565
-0.22665
-0.15622
-0.08035
-0.08282
-0.09509
-0.05789
0.09103
0.16336
0.03485
0.11752
0.22281
0.21140
0.26074
0.26672
0.29343
0.37122
0.32932
0.29266
0.35626
0.38098
0.41785
0.31107
0.24652
0.38052
0.32187
0.24136
0.25024
0.21603
0.20923
0.14807
0.07724
0.11398
0.09912
-0.02640
-0.02194
-0.01453
-0.06720
-0.09442
-0.14490
-0.15439
-0.11560
-0.18439
-0.22186
-0.13065
-0.19934
-0.25525
-0.20212
-0.18799
-0.18405
-0.19907
-0.22104
-0.03641
0.01443
-0.18170
-0.21469
-0.05847
0.12759
0.11856
-0.10718
-0.02679
0.24884
0.10980
0.09729
0.11130
0.21942
0.39029
0.09387
0.03052
0.35260
0.40991
0.17679
0.13007
0.22287
0.34186
0.30197
0.01224
0.12228
0.31018
0.13608
-0.01001
-0.00650
0.12170
0.13330
-0.09192
-0.20297
-0.00061
0.05750
-0.13483
-0.23322
-0.17877
-0.03827
-0.14209
-0.29401
-0.17270
-0.07144
-0.17871
-0.27496
-0.24603
-0.12845
-0.04047
-0.24014
-0.29092
-0.07843
-0.09344
-0.17514
-0.13901
-0.09384
-0.05594
-0.06305
-0.19504
-0.05975
0.11731
0.01285
-0.05408
-0.12708
0.07434
0.17471
-0.05264
0.02512
0.17941
0.04620
0.06039
0.07697
0.04929
0.25769
0.15427
-0.03073
0.06543
0.21664
0.16943
0.05322
0.08267
0.14343
0.09875
0.02286
0.10025
0.06396
0.04263
0.02341
-0.08450
-0.04999
0.01004
-0.03888
-0.16794
-0.18561
-0.12152
-0.14108
-0.21869
-0.25562
-0.23331
-0.23837
-0.28394
-0.30658
-0.31784
-0.25632
-0.23434
-0.39078
-0.30518
-0.21036
-0.23184
-0.26364
-0.30923
-0.24289
-0.11469
-0.09698
-0.18576
0.02829
-0.09683
0.03827
0.18225
-0.13275
0.17856
0.43118
0.18121
0.10489
0.50522
0.31937
0.42514
0.66449
0.15524
0.58835
0.77640
0.35513
0.57993
0.66394
0.58511
0.67178
0.52505
0.46417
0.74265
0.57440
0.35995
0.47598
0.38654
0.46866
0.36938
0.12238
0.23279
0.22424
0.04865
-0.03711
-0.04721
-0.05139
-0.14224
-0.36288
-0.36307
-0.27972
-0.39227
-0.48209
-0.56650
-0.56772
-0.54431
-0.64188
-0.66177
-0.60828
-0.66327
-0.68634
-0.72012
-0.72498
-0.52927
-0.63809
-0.73404
-0.53873
-0.55460
-0.55811
-0.44943
-0.46307
-0.37338
-0.29642
-0.37094
-0.19400
-0.09152
-0.13879
-0.02899
0.04630
0.06418
0.23245
0.23004
0.17319
0.39832
0.41992
0.40915
0.47665
0.54489
0.53812
0.58286
0.63745
0.57938
0.67783
0.65588
0.61096
0.58923
0.60675
0.62537
0.56815
0.45499
0.43771
0.43454
0.31778
0.32483
0.18188
0.16449
0.08362
-0.08606
-0.07755
-0.11752
-0.18896
-0.35687
-0.39636
-0.46609
-0.44672
-0.51974
-0.67844
-0.57742
-0.70590
-0.58450
-0.57974
-0.83722
-0.51822
-0.57227
-0.77679
-0.49811
-0.35669
-0.61212
-0.35397
-0.19513
-0.54453
0.02261
-0.07687
-0.26239
0.27411
0.06747
0.08649
0.37805
0.30289
0.33148
0.59903
0.44919
0.44733
0.72211
0.53931
0.60553
0.73895
0.62823
0.56796
0.65091
0.72531
0.57745
0.55548
0.62204
0.48340
0.47925
0.59412
0.30496
0.34250
0.50351
0.15338
0.22446
0.26724
0.03284
0.15372
0.03015
-0.15247
0.01468
-0.09808
-0.32370
-0.14526
-0.26678
-0.44684
-0.31677
-0.44977
-0.47223
-0.47339
-0.55856
-0.58389
-0.57858
-0.56842
-0.63229
-0.60782
-0.66391
-0.60135
-0.56018
-0.64047
-0.56467
-0.53195
-0.51675
-0.49808
-0.48376
-0.39865
-0.32605
-0.35776
-0.27222
-0.16455
-0.21039
-0.13385
-0.02908
-0.01120
0.09180
0.08701
0.09531
0.22290
0.25089
0.28421
0.29562
0.32300
0.37570
0.36914
0.33075
0.41983
0.48190
0.34097
0.35382
0.38162
0.32990
0.38736
0.30914
0.25381
0.25058
0.21725
0.21378
0.13773
0.17148
0.10373
0.18271
0.15646
-0.09882
0.09512
0.20041
0.04013
-0.05014
0.10809
0.01199
0.07025
0.20670
-0.17712
0.10257
0.26752
-0.12247
0.05298
0.14566
0.05499
0.18057
-0.04813
-0.06491
0.24695
0.08231
-0.11996
0.02396
0.00925
-0.01389
-0.00601
-0.19788
-0.06827
0.04300
-0.18115
-0.23038
-0.17307
-0.07068
-0.05463
-0.28702
-0.25027
-0.01004
-0.19736
-0.22183
-0.00809
-0.23279
-0.12234
0.02863
-0.22202
-0.08911
0.10049
-0.09195
-0.11011
0.05017
0.05408
0.04449
0.03842
0.04123
0.09634
0.06302
0.11728
0.13242
0.04242
0.12109
0.08490
0.06641
0.10742
0.07385
0.07614
0.05710
0.00845
0.04398
0.03336
-0.01105
0.02808
-0.05533
-0.06152
-0.02319
-0.05615
-0.07941
-0.05246
-0.13403
-0.12302
-0.06436
-0.16068
-0.09692
-0.14005
-0.13910
-0.14447
-0.19000
-0.10880
-0.15082
-0.15427
-0.16727
-0.18161
-0.18695
-0.13684
-0.14804
-0.24304
-0.10062
-0.21460
-0.25812
-0.11258
-0.16541
-0.22180
-0.15649
-0.14847
-0.20804
-0.11890
-0.16339
-0.12036
-0.01477
0.07190
-0.12363
-0.12943
0.22031
0.15875
0.09885
0.18607
0.18607
0.23819
0.48965
0.25671
0.23981
0.67929
0.37738
0.31113
0.57074
0.46539
0.56937
0.54886
0.29221
0.49652
0.63660
0.36621
0.28848
0.37750
0.37738
0.30011
0.13782
0.08069
0.23041
0.17108
-0.09961
-0.08826
-0.07278
-0.03152
-0.01874
-0.37158
-0.31186
-0.04889
-0.24152
-0.44650
-0.25449
-0.24982
-0.34680
-0.24585
-0.45398
-0.30603
-0.13437
-0.35446
-0.33923
-0.26492
-0.17743
-0.18945
-0.26697
-0.24152
-0.14203
-0.08124
-0.20352
-0.19702
-0.05450
-0.02466
-0.16400
-0.14328
0.00671
-0.01532
-0.02921
-0.07614
-0.03455
0.05441
0.01547
-0.01227
0.02432
0.05554
0.05344
0.00055
0.03357
0.12692
0.03976
0.04404
0.07483
0.02106
0.11597
0.09476
0.03305
0.04736
0.08487
0.09055
0.02298
0.05530
0.05484
0.05438
-0.02750
-0.02490
0.05704
-0.05161
-0.03964
-0.10660
-0.12152
-0.06863
-0.11282
-0.19934
-0.19553
-0.10480
-0.25458
-0.21823
-0.15274
-0.22708
-0.21988
-0.15643
-0.04221
-0.24741
-0.17795
0.05212
-0.00418
-0.06601
0.03937
0.10648
0.08759
0.37491
0.09558
0.11191
0.57367
0.27896
0.28448
0.45773
0.42184
0.48999
0.49295
0.37558
0.43332
0.57141
0.41470
0.32867
0.35837
0.39029
0.35217
0.19052
0.11121
0.19247
0.22980
-0.01282
-0.10995
0.05887
0.01419
-0.23648
-0.20132
-0.12302
-0.17337
-0.28571
-0.35092
-0.28766
-0.22784
-0.27319
-0.42773
-0.36334
-0.29144
-0.26190
-0.34653
-0.39725
-0.24789
-0.20541
-0.31119
-0.36929
-0.17072
-0.10403
-0.25903
-0.28372
-0.10300
-0.08463
-0.12662
-0.11981
-0.10822
0.03815
-0.00961
-0.08682
0.00134
0.12079
0.09579
0.03067
0.06503
0.12817
0.21811
0.12683
0.10916
0.18192
0.21091
0.20502
0.15179
0.20862
0.20819
0.20663
0.19376
0.12009
0.20313
0.24936
0.09009
0.04840
0.15887
0.11044
0.01978
-0.00995
-0.02466
-0.01590
-0.10690
-0.15073
-0.19931
-0.21307
-0.17795
-0.34933
-0.36807
-0.27493
-0.42297
-0.41406
-0.33145
-0.48807
-0.43115
-0.25735
-0.36508
-0.43063
-0.30960
-0.21805
-0.15662
-0.18643
-0.12170
-0.04385
0.06876
0.14767
0.03894
0.24442
0.38675
0.29474
0.36993
0.44711
0.49078
0.63605
0.56396
0.43454
0.67184
0.69406
0.54486
0.55798
0.51590
0.57675
0.58368
0.39581
0.33359
0.41943
0.39743
0.22272
0.15118
0.19098
0.17838
0.06558
-0.06573
-0.05035
-0.00348
-0.11691
-0.24963
-0.19165
-0.20114
-0.29901
-0.28134
-0.37512
-0.37827
-0.28696
-0.41867
-0.47452
-0.35321
-0.38571
-0.47247
-0.39584
-0.43597
-0.41055
-0.39581
-0.44855
-0.38037
-0.35693
-0.35422
-0.41907
-0.33871
-0.19846
-0.30402
-0.31873
-0.15094
-0.16034
-0.17255
-0.05157
-0.09869
-0.02551
0.09558
-0.00552
0.07669
0.19873
0.16061
0.22461
0.22369
0.21320
0.35654
0.33102
0.28467
0.37732
0.36606
0.37128
0.35593
0.34024
0.40082
0.35388
0.27109
0.27164
0.26721
0.24240
0.21689
0.08398
0.06827
0.07800
-0.04315
-0.04340
-0.09116
-0.15985
-0.25446
-0.22775
-0.24603
-0.33243
-0.29517
-0.35049
-0.19067
-0.43375
-0.44955
-0.17822
-0.24097
-0.27115
-0.26160
-0.16879
-0.21576
0.04080
-0.05991
-0.13531
0.17368
0.06549
0.09244
0.16571
0.22116
0.28522
0.29623
0.24194
0.21664
0.42645
0.38000
0.25308
0.24860
0.31198
0.36786
0.22656
0.16437
0.21646
0.28049
0.14966
0.02798
0.12900
0.15460
0.09607
-0.01501
-0.03577
0.07477
0.00482
-0.05798
-0.05832
-0.02090
-0.04709
-0.07947
-0.11652
-0.13785
0.06030
-0.15143
-0.18790
-0.05338
-0.15173
-0.06036
-0.08289
-0.24753
-0.13715
-0.03201
-0.28220
-0.14316
-0.06400
-0.27713
-0.17932
-0.18393
-0.19406
-0.14163
-0.17682
-0.23795
-0.16861
-0.12128
-0.17621
-0.14651
-0.12851
-0.07617
-0.13104
-0.10803
-0.06287
-0.03851
0.02692
-0.04089
-0.02341
0.01276
0.10629
0.08252
0.04587
0.09894
0.13608
0.13596
0.09445
0.17822
0.15463
0.14133
0.12390
0.11737
0.14401
0.10181
0.05899
0.05341
0.05518
-0.03146
-0.02695
-0.02332
-0.09515
-0.09216
-0.16885
-0.15717
-0.11188
-0.16055
-0.20129
-0.04697
-0.16934
-0.32886
-0.00543
-0.03296
-0.08963
-0.01181
-0.08881
-0.00974
0.21213
0.07382
0.02655
0.31140
0.18060
0.17041
0.35809
0.22620
0.31479
0.44971
0.24985
0.28546
0.36362
0.35532
0.35443
0.19342
0.18542
0.35095
0.23083
0.02969
0.11829
0.17014
0.07086
-0.05869
-0.04785
0.04172
-0.03503
-0.13928
-0.16196
-0.09708
-0.09830
-0.21030
-0.17889
-0.16125
-0.19067
-0.17542
-0.19452
-0.28403
-0.11343
-0.09589
-0.32510
-0.12915
-0.18622
-0.19650
-0.03552
-0.24026
-0.24197
-0.05460
-0.14267
-0.23224
-0.09280
-0.13544
-0.15704
-0.15335
-0.15744
-0.05603
-0.13611
-0.11938
-0.08591
-0.10181
-0.02487
-0.06836
-0.06848
0.01678
0.00806
-0.03354
0.03235
0.07480
0.06302
0.08752
0.07047
0.11761
0.13837
0.16870
0.17563
0.12650
0.19867
0.23459
0.16476
0.17688
0.25153
0.16418
0.15240
0.18430
0.14139
0.11929
0.12259
0.05792
-0.04446
0.08170
-0.02109
-0.15286
-0.04379
-0.09903
-0.23846
-0.20123
-0.11731
-0.32648
-0.22906
-0.18909
-0.27005
-0.14005
-0.31799
-0.30640
-0.05289
-0.04984
-0.26407
-0.09738
-0.02432
-0.00815
0.12622
-0.08032
0.11954
0.27383
0.08365
0.16815
0.34732
0.21149
0.25436
0.40845
0.21869
0.26331
0.39987
0.31693
0.22632
0.21973
0.28333
0.31989
0.12344
0.05215
0.28223
0.16235
-0.03397
0.05832
0.12848
0.01337
-0.04532
-0.02658
-0.06409
0.01822
-0.09674
-0.15204
-0.05685
-0.09167
-0.14429
-0.09402
-0.14886
-0.20996
-0.00119
-0.17648
-0.23331
-0.10767
-0.16000
-0.10556
-0.19318
-0.23108
-0.14285
-0.12286
-0.24570
-0.21967
-0.13510
-0.20520
-0.20926
-0.19800
-0.18320
-0.16730
-0.17035
-0.15576
-0.15216
-0.11136
-0.10178
-0.12671
-0.06158
-0.03500
-0.05399
0.01990
-0.03430
0.04202
0.12097
0.02261
0.08765
0.16891
0.15085
0.16089
0.18411
0.16608
0.28903
0.21899
0.16745
0.27615
0.23340
0.20450
0.18631
0.17905
0.18869
0.15338
0.05237
0.10184
0.01959
0.00247
0.02362
-0.12265
-0.10193
-0.11005
-0.17194
-0.17374
-0.23630
-0.27582
-0.16489
-0.29245
-0.28546
-0.05035
-0.28680
-0.37582
-0.06436
-0.09760
-0.15079
-0.08228
-0.06277
-0.03235
0.12094
0.02158
0.00043
0.32312
0.10840
0.15338
0.28320
0.19308
0.31729
0.33224
0.23514
0.25974
0.36090
0.27585
0.26492
0.24365
0.22763
0.26746
0.20520
0.08469
0.14493
0.22913
0.05588
0.02008
0.08099
0.04956
-0.01248
-0.00638
-0.03473
-0.00995
-0.04953
-0.14572
-0.05029
-0.07230
-0.09494
-0.14075
-0.10437
-0.13318
-0.14893
-0.07825
-0.21307
-0.12943
-0.15454
-0.19434
-0.13333
-0.19086
-0.19638
-0.21207
-0.18570
-0.22858
-0.21808
-0.15805
-0.25052
-0.25201
-0.17853
-0.21182
-0.20773
-0.17697
-0.16162
-0.16431
-0.16125
-0.10089
-0.10684
-0.07437
-0.03763
-0.03360
-0.02676
0.01535
0.10760
0.07724
0.07678
0.14420
0.16919
0.19467
0.21289
0.22995
0.23853
0.28870
0.26392
0.22318
0.27435
0.30923
0.26859
0.17316
0.17276
0.22107
0.19766
0.08276
0.04324
0.13150
0.03705
-0.10196
-0.04272
-0.03381
-0.11987
-0.14685
-0.19360
-0.23071
-0.18091
-0.22394
-0.24695
-0.25345
-0.22836
-0.07419
-0.34012
-0.31711
0.01318
-0.13345
-0.19702
-0.07663
-0.07529
-0.06750
0.12723
-0.12454
0.01346
0.29053
-0.04834
0.05298
0.19058
0.19644
0.16830
0.15692
0.16016
0.18451
0.28400
0.16733
0.14966
0.21866
0.19974
0.17252
0.13641
0.15668
0.17371
0.14767
0.09940
0.07602
0.15170
0.11823
0.03970
0.09235
0.07007
0.05234
0.07172
-0.04190
0.03482
0.13211
-0.09158
-0.05945
0.10672
-0.08139
-0.11292
0.04980
-0.09641
-0.12064
-0.03860
-0.15506
-0.09338
-0.09686
-0.20090
-0.18152
-0.11725
-0.20032
-0.22714
-0.12311
-0.26862
-0.22549
-0.15549
-0.21558
-0.22876
-0.19489
-0.13574
-0.24527
-0.17825
-0.11279
-0.14651
-0.14352
-0.12524
-0.09436
-0.03897
-0.05481
-0.04065
0.00281
0.01859
0.05774
0.01807
0.12582
0.14450
0.06635
0.11279
0.18890
0.15585
0.13428
0.20905
0.12967
0.11182
0.17450
0.09750
0.12341
0.14737
0.02231
0.03442
0.10861
0.02121
-0.05035
0.06094
-0.02621
-0.13873
0.06335
-0.08142
-0.19797
0.05151
-0.07980
-0.18268
-0.07990
-0.02145
-0.16299
0.05322
0.02722
-0.29547
0.05261
0.03061
0.03506
-0.03195
0.02917
0.03494
0.01971
0.16110
-0.08447
0.23001
0.10370
-0.01614
0.18488
0.10574
0.11804
0.10443
0.22198
0.04486
0.11813
0.23068
0.04202
0.17175
0.10434
0.08472
0.15146
0.05185
0.05453
0.12592
0.10226
-0.03580
0.08301
0.04941
-0.01080
0.07016
-0.04041
0.00256
0.02695
-0.08130
-0.04733
0.07156
-0.07211
-0.11871
0.02786
-0.07629
-0.09088
0.03162
-0.09323
-0.14044
0.00891
-0.11429
-0.08090
-0.00479
-0.13940
-0.11392
-0.04758
-0.08447
-0.17868
-0.01074
-0.09634
-0.22778
-0.02151
-0.11102
-0.12830
-0.07114
-0.10538
-0.11169
-0.09888
-0.03900
-0.08514
-0.05734
-0.05008
-0.10556
0.02451
-0.01086
-0.07596
0.03055
0.05481
-0.02963
0.01514
0.09683
-0.00012
0.06320
0.07031
0.04065
0.06943
0.01663
0.04898
0.09509
0.01468
-0.04678
0.08591
-0.00092
-0.06070
0.03241
-0.06134
-0.06152
-0.00980
-0.10300
-0.06494
-0.02353
-0.14737
-0.09827
-0.02182
-0.11609
-0.12091
-0.05933
-0.07516
-0.09491
-0.07520
-0.07974
-0.01987
-0.06625
-0.02814
0.08441
-0.14301
0.01627
0.09787
-0.02170
0.06766
0.04962
0.07657
0.05890
0.11938
0.08597
0.12463
0.21597
0.03046
0.18649
0.23883
0.16327
0.23950
0.11777
0.27002
0.22598
0.19229
0.25146
0.22702
0.17249
0.16641
0.26193
0.06937
0.22287
0.16052
0.03027
0.16772
0.05646
0.06061
0.06357
0.01456
0.01157
-0.01370
-0.03870
-0.07272
-0.03186
-0.05087
-0.10434
-0.10397
-0.10916
-0.08221
-0.10782
-0.14575
-0.07635
-0.13391
-0.15637
-0.08337
-0.13254
-0.09558
-0.14929
-0.11270
-0.14786
-0.10431
-0.05862
-0.24423
-0.05371
-0.08334
-0.21863
-0.05313
-0.08963
-0.16681
-0.06131
-0.10287
-0.12366
-0.04761
-0.09702
-0.08249
-0.05295
-0.04999
-0.10318
-0.03757
0.04419
-0.09451
-0.03357
0.05969
-0.07193
-0.03372
0.11230
-0.02020
-0.03171
0.06125
-0.02347
0.05222
0.03650
-0.02792
0.03922
0.01288
-0.03058
0.04959
0.00168
-0.04184
0.03638
-0.06091
0.00168
0.01880
-0.08136
0.01401
-0.01117
-0.09528
-0.01669
0.01450
-0.04779
-0.05057
-0.06396
-0.03851
0.04865
-0.07135
-0.06183
0.03293
-0.05835
0.00613
-0.01773
-0.06329
0.15826
-0.02075
-0.15158
0.16440
0.05038
-0.05063
0.14703
0.04132
0.01578
0.19568
0.02441
0.05490
0.31348
0.06564
0.02838
0.29926
0.14441
0.13327
0.26538
0.12970
0.17200
0.24246
0.14359
0.17841
0.25177
0.07184
0.16760
0.22333
0.01309
0.15524
0.20035
0.02979
0.01239
0.12704
0.07654
-0.03275
0.05142
0.09558
-0.04962
-0.01395
0.00430
-0.01706
0.06497
-0.08142
-0.07614
0.08463
-0.05319
-0.14777
0.07150
-0.01605
-0.12894
-0.02466
-0.11032
-0.00790
-0.03046
-0.22012
-0.02155
-0.04260
-0.24417
-0.03632
-0.08401
-0.21954
-0.07471
-0.18085
-0.18414
-0.09497
-0.19977
-0.19281
-0.12619
-0.24106
-0.20300
-0.09976
-0.24088
-0.19586
-0.14438
-0.20587
-0.13342
-0.19485
-0.16309
-0.06592
-0.16348
-0.16040
-0.09555
-0.03302
-0.08902
-0.08984
-0.02017
-0.05569
-0.02161
0.00302
0.01926
-0.01703
0.03983
0.08557
-0.06430
0.08105
0.11609
-0.00348
0.09366
0.04440
0.01727
0.14551
0.08127
-0.01895
0.13849
0.05850
0.01331
0.15921
0.04565
0.02020
0.13065
0.03040
0.03027
0.11771
0.03925
0.02917
0.06467
0.05527
-0.02460
0.10547
0.00333
0.01962
0.13782
-0.09045
0.00696
0.11404
0.07874
-0.06235
0.09747
0.03937
0.01913
0.13565
-0.04990
0.19891
0.04431
0.04532
0.17303
0.07306
0.13852
0.12021
0.20752
0.09427
0.14722
0.17261
0.16132
0.21796
0.06250
0.18872
0.17593
0.11191
0.15961
0.12274
0.15628
0.06656
0.12595
0.15106
0.06027
0.06766
0.12451
0.10834
-0.00964
0.07822
0.07510
0.03110
0.05829
-0.02206
0.00504
0.02280
-0.03094
-0.07535
0.02197
-0.08273
-0.16153
-0.01575
-0.13834
-0.14191
-0.15424
-0.18362
-0.16879
-0.20493
-0.26041
-0.22165
-0.18253
-0.36102
-0.25232
-0.24387
-0.32523
-0.23315
-0.30225
-0.34479
-0.22113
-0.25586
-0.32739
-0.18970
-0.21606
-0.30151
-0.16211
-0.17172
-0.20895
-0.09467
-0.09222
-0.16821
-0.09070
0.00687
-0.03714
0.00089
-0.03290
0.01331
0.11224
0.08221
-0.01871
0.11591
0.16492
0.05789
0.13083
0.06845
0.13733
0.21725
0.07413
0.04700
0.24289
0.07956
0.10110
0.20596
0.03241
0.13077
0.15930
0.05188
0.09042
0.13184
-0.02310
0.15295
0.10678
-0.11380
0.12885
0.09763
-0.08984
0.04926
0.01968
-0.04254
0.05762
-0.02484
-0.10086
0.03293
0.02686
-0.15292
0.07382
0.02185
-0.11194
-0.01157
0.02267
0.02557
-0.00317
0.04800
0.02649
0.07965
-0.01282
0.14767
0.16498
0.00671
0.20236
0.19928
0.05478
0.20169
0.28192
0.15298
0.28268
0.17853
0.16177
0.37381
0.21753
0.15353
0.33920
0.19571
0.18536
0.25467
0.17334
0.23386
0.16196
0.13345
0.17749
0.11929
0.06213
0.16245
0.05423
-0.00787
0.08167
-0.07068
0.00366
-0.02673
-0.13629
-0.06607
-0.15442
-0.18680
-0.17044
-0.18097
-0.27194
-0.26062
-0.26016
-0.32147
-0.29834
-0.34415
-0.33871
-0.33713
-0.36517
-0.40619
-0.34900
-0.33841
-0.37292
-0.37338
-0.35425
-0.31604
-0.33884
-0.27576
-0.26883
-0.28802
-0.23230
-0.22754
-0.14102
-0.14923
-0.19287
-0.08124
-0.03525
-0.09625
-0.05695
0.08017
-0.03781
0.07278
0.08167
0.01590
0.18906
0.11566
0.10522
0.20419
0.20056
0.10938
0.22791
0.24161
0.18021
0.20374
0.17117
0.25967
0.20435
0.17242
0.16928
0.17776
0.21176
0.13791
0.10883
0.14581
0.16144
0.08588
0.07068
0.10428
0.03552
0.06268
0.06226
-0.02036
0.04547
0.01440
-0.04782
-0.02005
-0.02109
-0.02216
-0.02942
-0.12228
-0.03879
0.00558
-0.12979
-0.07587
-0.04504
-0.06631
-0.05240
-0.09521
-0.08423
0.03479
-0.02972
-0.09113
-0.02557
0.06616
0.03159
0.01392
0.05261
0.09915
0.16946
0.05081
0.17795
0.19992
0.17410
0.26199
0.21643
0.20477
0.30795
0.29642
0.24005
0.31110
0.27563
0.27713
0.25778
0.25085
0.22705
0.27438
0.18527
0.13547
0.18423
0.12543
0.11661
0.05051
0.07178
0.01715
-0.02496
-0.03140
-0.09091
-0.07001
-0.08667
-0.17419
-0.20212
-0.17868
-0.18457
-0.22818
-0.26633
-0.27237
-0.24832
-0.32483
-0.32971
-0.26038
-0.31067
-0.35104
-0.33502
-0.33728
-0.33804
-0.31906
-0.33014
-0.30737
-0.34772
-0.33008
-0.27307
-0.28934
-0.27542
-0.25250
-0.23715
-0.20840
-0.23969
-0.16522
-0.08691
-0.17172
-0.14127
-0.00131
-0.08978
-0.07126
0.08429
-0.07791
0.09000
0.09888
-0.00970
0.15570
0.15741
0.11530
0.12314
0.23462
0.16284
0.16452
0.25391
0.19434
0.22391
0.19437
0.21490
0.24759
0.17767
0.22415
0.18198
0.18881
0.14371
0.14377
0.24155
0.07455
0.10522
0.12607
0.04633
0.13434
0.07434
-0.04059
0.09097
0.06412
-0.08252
0.02747
0.04410
-0.06146
0.00565
-0.00934
-0.10214
0.01529
0.00479
-0.06256
-0.03830
-0.02866
-0.05338
-0.00873
0.01068
-0.06485
0.02750
-0.02560
-0.03546
0.06091
-0.02881
0.03494
0.08371
0.01013
0.01654
0.07986
0.07224
0.07819
0.13382
0.04337
0.11823
0.13989
0.06924
0.20184
0.10706
0.12970
0.19400
0.09586
0.17712
0.17606
0.14572
0.16013
0.14215
0.16190
0.10483
0.14871
0.15302
0.05524
0.13565
0.07214
0.02905
0.07928
0.04916
0.00235
-0.00452
-0.03110
-0.04874
-0.02917
-0.10028
-0.07910
-0.12833
-0.14355
-0.12204
-0.19275
-0.19250
-0.17752
-0.21588
-0.25391
-0.21301
-0.25409
-0.28235
-0.23062
-0.29922
-0.29181
-0.25259
-0.29468
-0.24704
-0.28860
-0.32483
-0.21088
-0.24310
-0.27301
-0.20511
-0.24570
-0.18668
-0.16541
-0.19272
-0.14529
-0.11551
-0.09735
-0.09857
-0.05939
-0.06921
0.00079
-0.00217
-0.00076
0.02615
0.00687
0.12152
0.06238
0.03290
0.09473
0.14056
0.12250
0.07742
0.10999
0.15173
0.20737
0.05011
0.14474
0.20126
0.12485
0.16522
0.08557
0.21930
0.16235
0.11499
0.14438
0.16486
0.16302
0.10843
0.16833
0.10223
0.19058
0.13675
0.08975
0.13904
0.12952
0.14859
0.07831
0.13162
0.10385
0.09467
0.11279
0.09799
0.05994
0.04828
0.12979
0.08484
-0.02118
0.06711
0.08063
-0.04672
0.06143
0.07257
-0.08804
0.02063
0.01324
-0.08722
0.04715
-0.06067
-0.08337
0.00360
-0.05658
-0.06155
-0.06894
-0.09521
0.00775
-0.04306
-0.13849
-0.01880
-0.05585
-0.01239
-0.05377
-0.10794
0.03522
-0.00177
-0.08575
-0.00101
-0.01175
0.00357
0.05521
-0.07669
-0.00931
0.10962
-0.02112
0.00977
0.07727
-0.03674
0.07608
0.05328
-0.04718
0.06674
0.06345
-0.01590
0.02304
-0.00201
-0.01605
0.07678
-0.03705
-0.04105
0.04031
-0.03354
-0.02197
-0.00595
-0.05435
0.00098
-0.00336
-0.07831
-0.04288
0.00339
-0.05661
-0.06802
-0.02792
-0.05258
-0.06824
-0.05835
-0.07123
-0.07693
-0.06665
-0.10565
-0.08862
-0.10043
-0.11710
-0.09183
-0.11227
-0.14804
-0.13367
-0.10095
-0.15488
-0.15302
-0.09708
-0.16702
-0.14832
-0.10211
-0.19357
-0.09372
-0.08032
-0.18445
-0.11328
-0.06293
-0.10889
-0.09048
-0.03787
-0.10959
-0.02292
-0.01608
-0.07047
0.04675
-0.02921
0.03461
0.07449
-0.00861
0.10303
0.09824
0.09097
0.13394
0.11456
0.13904
0.18430
0.15628
0.13428
0.26547
0.17542
0.14331
0.28729
0.15106
0.19406
0.28043
0.17877
0.20630
0.22720
0.14673
0.24228
0.23038
0.09818
0.22171
0.20642
0.12628
0.14438
0.11996
0.14377
0.19733
0.03076
0.01605
0.18533
0.03741
-0.02444
0.06058
0.01175
-0.00253
-0.03925
-0.12366
-0.02475
-0.02936
-0.17340
-0.13675
-0.13318
-0.16202
-0.14615
-0.25168
-0.23090
-0.20609
-0.21158
-0.22549
-0.32660
-0.25674
-0.20590
-0.25671
-0.30487
-0.24521
-0.21869
-0.17102
-0.25128
-0.31024
-0.06656
-0.11737
-0.23700
-0.06369
-0.05304
-0.11230
0.01266
-0.06168
0.00446
0.18607
-0.01843
0.07367
0.21332
0.09253
0.19934
0.22595
0.17477
0.25827
0.26486
0.22134
0.28275
0.28378
0.26154
0.31641
0.25998
0.22379
0.31369
0.27179
0.21576
0.25153
0.21298
0.19696
0.19562
0.16953
0.12344
0.13745
0.09302
0.05435
0.06009
-0.01096
-0.00940
-0.03519
-0.06833
-0.12646
-0.13388
-0.16922
-0.17667
-0.19925
-0.28922
-0.21750
-0.31213
-0.29578
-0.30643
-0.33847
-0.29721
-0.39880
-0.31116
-0.32455
-0.39651
-0.30646
-0.30685
-0.35062
-0.25049
-0.30533
-0.29535
-0.16150
-0.27368
-0.17200
-0.11713
-0.22849
-0.04660
-0.03177
-0.10034
0.01767
0.03778
0.01443
0.15836
0.10016
0.07855
0.28314
0.18771
0.21481
0.29529
0.23584
0.35123
0.33524
0.27161
0.38232
0.36377
0.37186
0.33057
0.37082
0.39093
0.31967
0.37897
0.29559
0.34735
0.28192
0.29510
0.26263
0.18243
0.26941
0.13242
0.18570
0.13147
0.05167
0.05658
0.03516
0.00229
-0.07770
-0.03049
-0.15424
-0.11349
-0.13989
-0.24277
-0.20773
-0.27457
-0.23831
-0.26062
-0.36673
-0.34418
-0.29370
-0.33160
-0.39392
-0.41318
-0.35553
-0.30905
-0.36572
-0.42914
-0.33026
-0.34818
-0.34125
-0.26193
-0.40320
-0.26477
-0.18057
-0.31149
-0.20386
-0.20447
-0.16824
-0.08463
-0.16989
-0.06985
0.06381
0.01959
-0.03549
0.09326
0.09366
0.20184
0.27573
0.13077
0.30270
0.32730
0.30823
0.43604
0.40439
0.41074
0.53894
0.46487
0.45999
0.55115
0.52872
0.56516
0.54810
0.49133
0.48273
0.53415
0.44604
0.44675
0.42783
0.34537
0.38715
0.25351
0.22559
0.21393
0.18018
0.12683
0.02289
0.00034
-0.07721
-0.04190
-0.14633
-0.20288
-0.22473
-0.30270
-0.27402
-0.39691
-0.38040
-0.40695
-0.45935
-0.45264
-0.52789
-0.53693
-0.51816
-0.51654
-0.53516
-0.55466
-0.55872
-0.53903
-0.51395
-0.50296
-0.50443
-0.45584
-0.43750
-0.44937
-0.36844
-0.33908
-0.32120
-0.22455
-0.26443
-0.17892
-0.12708
-0.13992
0.01276
0.01016
0.00705
0.10757
0.13498
0.17181
0.24588
0.25797
0.26346
0.36597
0.34973
0.34244
0.44247
0.40344
0.45480
0.46350
0.40689
0.47873
0.44897
0.44662
0.46600
0.42548
0.41733
0.41306
0.35812
0.34442
0.41147
0.30441
0.26154
0.27664
0.17944
0.26712
0.18405
0.06229
0.12042
0.08078
0.03189
-0.02579
-0.05930
-0.09930
-0.04297
-0.17123
-0.26099
-0.14313
-0.28275
-0.25726
-0.28650
-0.38162
-0.28940
-0.34436
-0.44925
-0.37607
-0.30490
-0.49301
-0.41666
-0.35510
-0.38605
-0.34775
-0.47290
-0.43478
-0.28018
-0.28162
-0.36194
-0.34729
-0.30679
-0.18289
-0.20364
-0.24841
-0.15012
-0.09912
-0.07703
-0.08740
-0.05685
-0.00296
0.06787
0.05728
0.04489
0.18304
0.19714
0.18259
0.22427
0.15662
0.35529
0.34561
0.23364
0.42404
0.42416
0.35901
0.44171
0.44983
0.35617
0.59683
0.49341
0.43076
0.55316
0.40799
0.55331
0.50983
0.44162
0.47736
0.43396
0.45209
0.40317
0.32382
0.31760
0.33942
0.29156
0.19815
0.12875
0.11606
0.08066
0.03485
-0.03235
-0.11105
-0.18951
-0.14047
-0.24875
-0.36496
-0.29501
-0.40424
-0.40076
-0.46606
-0.57678
-0.51395
-0.50424
-0.59152
-0.60355
-0.61963
-0.63943
-0.57281
-0.63443
-0.64215
-0.57202
-0.57803
-0.59528
-0.53531
-0.53580
-0.48941
-0.41568
-0.41946
-0.38525
-0.33173
-0.25415
-0.25308
-0.13385
-0.11563
-0.06235
0.02313
-0.00143
0.14706
0.15509
0.20847
0.30597
0.26703
0.33350
0.43085
0.44287
0.42331
0.49673
0.52008
0.49628
0.59100
0.50269
0.54752
0.57800
0.48840
0.54022
0.50137
0.48917
0.45752
0.45526
0.40952
0.35818
0.32657
0.30417
0.26660
0.22653
0.17755
0.16422
0.10574
0.04904
0.06418
-0.04813
0.02594
-0.10181
-0.11667
-0.11444
-0.19901
-0.12076
-0.26230
-0.21930
-0.23212
-0.31049
-0.28256
-0.31277
-0.32516
-0.32944
-0.31326
-0.37854
-0.34833
-0.38586
-0.39642
-0.28790
-0.41547
-0.34650
-0.32526
-0.43542
-0.31595
-0.31491
-0.27591
-0.28687
-0.34344
-0.25439
-0.16592
-0.18433
-0.19745
-0.14014
-0.11661
-0.02884
-0.04724
-0.02463
0.04727
0.07858
0.15381
0.17194
0.19424
0.15005
0.25098
0.30887
0.30960
0.33087
0.26999
0.30670
0.34006
0.40533
0.32504
0.34140
0.25122
0.27759
0.43301
0.25446
0.31085
0.21085
0.22009
0.30634
0.27228
0.19681
0.15738
0.21484
0.13562
0.25229
0.18115
0.10925
0.09305
0.14001
0.15356
0.09201
0.10846
0.01071
0.06543
0.07968
0.03525
-0.01184
-0.02777
-0.05463
-0.03241
-0.04919
-0.13315
-0.16360
-0.19806
-0.17245
-0.21896
-0.20984
-0.30478
-0.32898
-0.28546
-0.35590
-0.31079
-0.34723
-0.39001
-0.34897
-0.33337
-0.36237
-0.33649
-0.33090
-0.34628
-0.26526
-0.27496
-0.29608
-0.21817
-0.24078
-0.19839
-0.11749
-0.19028
-0.12585
-0.08981
-0.08151
0.00247
-0.01526
0.00391
0.02078
0.07095
0.11319
0.11188
0.13687
0.13303
0.19748
0.21710
0.20377
0.21088
0.20474
0.26425
0.27603
0.26648
0.24536
0.22406
0.28763
0.30914
0.26697
0.24942
0.24951
0.22418
0.25861
0.25574
0.21140
0.22470
0.16794
0.15610
0.16336
0.13531
0.11539
0.08270
0.05914
0.03638
0.01855
0.00217
-0.04138
-0.07080
-0.01764
-0.08923
-0.12735
-0.07324
-0.18701
-0.14273
-0.08890
-0.18057
-0.15463
-0.17456
-0.19824
-0.16721
-0.16428
-0.15710
-0.16629
-0.20175
-0.20050
-0.16730
-0.17926
-0.16229
-0.15421
-0.19760
-0.15732
-0.18033
-0.17276
-0.12030
-0.17169
-0.16022
-0.13495
-0.09409
-0.11655
-0.13141
-0.05573
-0.05649
-0.07507
-0.03159
-0.01550
-0.01300
0.06592
0.04080
0.01480
0.06311
0.07977
0.14789
0.13657
0.08966
0.12628
0.15347
0.12100
0.18860
0.15958
0.06305
0.11322
0.15820
0.16626
0.17227
0.01923
-0.00043
0.14651
0.09235
0.07013
-0.02655
-0.02014
0.10770
0.11548
0.03537
-0.00388
0.01245
-0.00220
0.14786
0.09064
0.05502
0.10675
0.02521
0.13086
0.14075
0.18036
0.14603
0.07175
0.16217
0.15179
0.21994
0.18225
0.12543
0.14267
0.16467
0.17035
0.12537
0.09778
0.06635
0.12131
0.06992
0.03726
0.01227
-0.04504
-0.02002
-0.01791
-0.05289
-0.06653
-0.11322
-0.15051
-0.11392
-0.13049
-0.10712
-0.15814
-0.20850
-0.16867
-0.19785
-0.17499
-0.16803
-0.21066
-0.23648
-0.22763
-0.21744
-0.22202
-0.22021
-0.25540
-0.24231
-0.23145
-0.25952
-0.23355
-0.23663
-0.19318
-0.19745
-0.22556
-0.18225
-0.16580
-0.15424
-0.10895
-0.11182
-0.08640
-0.03757
-0.04025
-0.01727
-0.00461
0.04889
0.10309
0.10797
0.05933
0.11731
0.15152
0.16537
0.24841
0.19995
0.16315
0.17383
0.22626
0.22775
0.27158
0.26648
0.15689
0.20709
0.18689
0.17303
0.20963
0.18713
0.16119
0.14157
0.10602
0.10770
0.14703
0.09286
0.10513
0.07480
0.05624
0.05585
0.03082
0.05115
0.06631
0.05099
-0.03363
0.02136
-0.03174
-0.02631
0.01505
-0.04236
-0.03275
-0.07629
-0.08380
-0.08356
-0.07965
-0.10501
-0.09625
-0.11389
-0.17734
-0.16617
-0.18359
-0.16595
-0.13852
-0.15979
-0.19351
-0.22452
-0.22827
-0.15247
-0.12442
-0.24146
-0.23727
-0.17880
-0.11133
-0.11572
-0.13770
-0.15347
-0.15430
-0.11237
-0.13458
-0.03806
-0.06387
-0.02747
-0.01996
-0.08176
-0.06335
-0.04889
0.01190
0.02649
0.07181
0.02136
0.05594
0.05936
-0.02991
0.07257
0.16064
0.14896
0.13495
0.19656
0.11078
0.14206
0.27942
0.24026
0.29233
0.30606
0.29468
0.28577
0.40277
0.32806
0.37469
0.50113
0.32242
0.44205
0.42712
0.38916
0.43164
0.42169
0.36636
0.40250
0.38040
0.26810
0.30908
0.23355
0.19025
0.17276
0.12152
0.00775
-0.00256
-0.04913
-0.14999
-0.14163
-0.22394
-0.28168
-0.28030
-0.38248
-0.45154
-0.41327
-0.46841
-0.52078
-0.51599
-0.55487
-0.59506
-0.55771
-0.57080
-0.62338
-0.58380
-0.57724
-0.59848
-0.51773
-0.53445
-0.56693
-0.46643
-0.44202
-0.44879
-0.36819
-0.33603
-0.33734
-0.24557
-0.21320
-0.13507
-0.03171
-0.06976
-0.00781
0.06671
0.09201
0.20850
0.28174
0.24564
0.32092
0.37781
0.33725
0.45831
0.47369
0.46158
0.55121
0.49539
0.50168
0.54797
0.51370
0.53342
0.51889
0.49252
0.48611
0.46390
0.42361
0.39139
0.38257
0.32593
0.30685
0.27771
0.23038
0.17004
0.14145
0.10764
0.02570
0.05249
0.04083
-0.04279
-0.01102
-0.15820
-0.18002
-0.10806
-0.20786
-0.16367
-0.18176
-0.27072
-0.29837
-0.27600
-0.28326
-0.27783
-0.27417
-0.30609
-0.32681
-0.32797
-0.35037
-0.32874
-0.30661
-0.29333
-0.28690
-0.30841
-0.28238
-0.34494
-0.29501
-0.21973
-0.24628
-0.23257
-0.16968
-0.17163
-0.12204
-0.21075
-0.18863
-0.01410
-0.08548
0.00256
-0.05981
-0.07983
0.09360
0.08609
0.04907
0.08145
0.08209
0.03674
0.13693
0.17233
0.07977
0.21988
0.27844
0.10434
0.01974
0.18893
0.32623
0.19705
0.18500
0.09686
0.11139
0.26691
0.16534
0.19821
0.16403
0.19186
0.29013
0.16821
0.22443
0.18784
0.19971
0.26797
0.27383
0.20294
0.31848
0.33337
0.13556
0.29263
0.22586
0.29001
0.39474
0.19897
0.20016
0.23764
0.15891
0.21912
0.20398
0.09726
0.11935
0.05045
-0.02435
-0.03125
-0.07413
-0.06262
-0.11191
-0.23157
-0.24200
-0.29895
-0.27707
-0.31882
-0.39865
-0.38629
-0.34845
-0.42899
-0.47729
-0.48849
-0.47769
-0.38721
-0.43680
-0.45233
-0.43655
-0.45932
-0.42758
-0.37851
-0.38086
-0.30029
-0.29221
-0.31473
-0.30460
-0.23013
-0.14157
-0.14130
-0.06384
-0.07687
-0.05994
0.04840
0.00323
0.03006
0.21280
0.19583
0.24341
0.26569
0.19635
0.28543
0.35120
0.35486
0.37149
0.37564
0.41031
0.41031
0.39240
0.34628
0.34167
0.39999
0.31253
0.38504
0.33954
0.24988
0.28970
0.22498
0.14572
0.22598
0.22113
0.08249
0.14938
-0.00281
-0.01584
0.09808
-0.05267
-0.05859
-0.04932
-0.15076
-0.09344
-0.13281
-0.20816
-0.10635
-0.17264
-0.15051
-0.15768
-0.27618
-0.18649
-0.18744
-0.20102
-0.13425
-0.17603
-0.22946
-0.19839
-0.23010
-0.20453
-0.07080
-0.16751
-0.18979
-0.17380
-0.21552
-0.13116
-0.19302
-0.10397
-0.06110
-0.13065
-0.07062
-0.17667
-0.11346
-0.11191
-0.09674
0.03439
-0.01453
-0.08237
-0.01044
0.04337
-0.26959
0.04935
0.10638
-0.04852
0.24792
-0.10834
0.04785
0.13449
-0.05273
0.14313
0.13022
0.06934
0.11328
0.20535
0.07938
0.17365
0.05334
0.14294
0.30139
0.01700
0.21899
0.14850
0.09543
0.20557
0.08795
0.12314
0.24619
0.13483
0.02194
0.16122
0.00980
0.14035
0.22806
0.11374
0.15533
-0.00247
0.06366
0.13077
0.14963
0.17383
0.15479
0.08624
0.08438
0.13086
0.10733
0.19678
0.12164
0.14041
0.16656
0.04852
0.08456
0.08298
0.07162
0.05453
0.03961
0.03195
0.00229
-0.05051
-0.11749
-0.12714
-0.15634
-0.13913
-0.15662
-0.17462
-0.19568
-0.29361
-0.30194
-0.28473
-0.31509
-0.24246
-0.27707
-0.33469
-0.29092
-0.36612
-0.30588
-0.27237
-0.31012
-0.24661
-0.23151
-0.24249
-0.19226
-0.18790
-0.19025
-0.14902
-0.14389
-0.03741
0.00140
-0.04141
0.00565
-0.01141
0.05231
0.14105
0.08337
0.11441
0.18030
0.18036
0.14771
0.20868
0.16415
0.21402
0.22153
0.09158
0.21179
0.19238
0.16022
0.19348
0.10580
0.06277
0.13727
0.07935
0.13403
0.11667
-0.00134
0.06955
-0.01865
0.02554
0.06717
0.00168
0.01062
0.01389
-0.05209
-0.03964
-0.00220
-0.08533
-0.00980
-0.06158
-0.05768
0.03366
-0.07825
-0.08514
-0.05753
-0.07056
-0.00116
0.06552
-0.04935
-0.00470
0.00458
-0.07455
0.05502
0.08542
0.04813
0.04782
0.05099
0.03760
0.07336
0.08890
0.08041
0.12665
0.10065
0.07233
0.08496
0.00925
0.06177
0.08740
0.04639
0.06302
0.01443
-0.00928
-0.06177
-0.01459
-0.15106
0.01959
0.06848
-0.21548
-0.06873
-0.13629
-0.22092
-0.16708
-0.09375
-0.18497
-0.10944
-0.08270
-0.24695
-0.14398
-0.26648
-0.17661
-0.11469
-0.12384
0.02625
-0.17285
-0.08813
-0.07208
-0.25308
-0.00574
0.02942
-0.04605
0.05258
0.05527
-0.07074
0.16034
-0.05042
-0.15887
0.27582
0.06631
0.18857
0.19040
-0.00946
0.04883
0.14722
0.10159
0.13818
0.30603
0.14847
0.24069
0.15335
0.04144
0.26843
0.21359
0.26996
0.33002
0.16187
0.30704
0.23602
0.13522
0.22116
0.25046
0.26447
0.27170
0.21042
0.14227
0.18857
0.08072
0.08389
0.09744
0.11188
0.09592
0.03732
-0.06879
-0.12500
-0.12314
-0.14264
-0.11264
-0.17401
-0.19775
-0.21497
-0.27661
-0.36240
-0.32059
-0.30075
-0.34134
-0.27039
-0.37775
-0.37186
-0.28995
-0.44809
-0.32715
-0.28656
-0.29028
-0.17545
-0.31915
-0.32141
-0.18649
-0.21429
-0.15353
-0.04614
-0.09622
-0.09790
0.00171
-0.05264
-0.04062
0.13754
0.03848
0.10825
0.09247
0.04416
0.17395
0.11401
0.15277
0.13019
0.12436
0.16196
0.16705
0.13776
0.14896
0.17267
0.12344
0.19763
0.18344
0.13599
0.17334
0.09238
0.13824
0.19016
0.13257
0.17386
0.11880
0.05713
0.11969
0.09985
0.10654
0.16235
0.08636
0.07980
0.05054
0.00403
0.03186
0.04044
0.09003
0.01044
-0.00296
-0.01144
-0.06183
0.01343
-0.01840
-0.05457
-0.03091
-0.06345
0.00601
0.03143
-0.12057
-0.03894
-0.05508
-0.10394
0.01596
-0.03503
0.01892
0.01291
-0.08560
-0.12589
-0.10812
-0.01630
-0.00012
-0.07938
-0.01056
-0.06018
-0.19397
-0.06433
-0.11188
-0.18301
0.03528
-0.10776
-0.15814
0.05618
-0.17673
-0.14050
-0.14880
-0.17944
-0.01053
-0.01724
-0.09631
0.03659
-0.08130
-0.32425
0.13156
-0.18588
0.06546
0.09534
-0.17123
0.09882
-0.08551
0.18481
-0.18518
0.14713
0.04642
-0.00531
0.24658
-0.00293
0.16202
-0.11215
0.23886
-0.08606
0.25162
0.29474
-0.22650
0.35873
0.11676
-0.04901
0.09763
0.06439
0.14426
0.13348
0.04977
0.08334
0.02518
-0.05252
0.03806
0.10825
0.03394
0.06378
0.02774
0.03568
-0.01263
-0.02853
0.03952
0.00980
0.00714
0.05768
0.08212
0.00079
0.02682
-0.06351
0.13593
0.02786
0.03403
0.15894
-0.00803
0.15714
0.01196
0.03195
0.14966
0.03799
0.05695
0.10013
0.09918
0.01498
0.03635
0.02820
-0.04462
0.04211
-0.05069
-0.04309
-0.03903
-0.06027
-0.06265
-0.17468
-0.10077
-0.14441
-0.18622
-0.11136
-0.15283
-0.15073
-0.16550
-0.22632
-0.22601
-0.15530
-0.15219
-0.19733
-0.08606
-0.18488
-0.14258
-0.06973
-0.14554
-0.15503
-0.01486
-0.00412
-0.20407
0.10141
0.01321
-0.07031
0.01291
-0.11078
0.07190
0.05991
-0.00967
0.03006
0.04059
0.03775
0.03769
0.02469
-0.00577
0.10953
0.08987
-0.03278
0.12595
0.06586
0.04550
0.06305
-0.03671
0.16476
0.12186
0.00027
0.11313
0.06464
0.06458
0.07672
0.05417
0.08545
0.09485
0.18323
0.01965
-0.01273
0.05804
0.07935
0.08868
0.02362
0.11603
-0.00647
-0.01459
0.04175
-0.05347
0.07947
-0.03201
-0.16214
0.11588
-0.03568
-0.05563
-0.01254
-0.11655
-0.03925
-0.03235
-0.00580
-0.12979
0.10077
-0.02762
-0.04593
0.02106
-0.18823
0.07718
0.04868
0.05286
0.02231
0.02927
0.02316
0.04144
0.07001
-0.03592
0.16992
0.03827
0.05865
0.13815
0.01517
0.02475
0.03693
-0.05002
0.07474
0.16736
-0.16422
0.15668
0.02280
-0.20126
0.05124
-0.01050
-0.16922
-0.04776
0.00748
-0.12482
-0.00140
-0.23608
-0.01382
-0.09653
-0.22098
-0.10019
-0.06488
0.01291
-0.15460
-0.00870
-0.22318
-0.03589
-0.06583
-0.15442
0.07132
-0.07278
-0.09109
0.04861
0.02371
-0.25262
0.09482
0.05524
-0.14917
0.09241
0.08432
-0.14304
0.22723
-0.10568
-0.12360
0.29865
-0.20807
0.17969
-0.03418
0.17764
-0.01013
-0.03076
0.17728
-0.17426
0.25037
-0.10815
0.11591
0.03317
0.05692
0.09946
-0.01599
0.08929
-0.06369
0.18048
0.05261
0.11060
0.15366
0.02286
0.19952
0.15640
-0.02155
0.22946
0.12234
0.06381
0.26526
0.02936
0.14072
0.13080
-0.00150
0.12613
0.13068
0.06601
0.03610
0.10046
0.01923
-0.00397
-0.01218
-0.04846
0.01755
-0.09351
-0.00836
-0.02689
-0.16336
-0.06079
-0.20166
-0.11664
-0.05502
-0.23352
-0.03677
-0.13992
-0.20007
-0.14383
-0.17828
-0.06964
-0.22729
-0.10522
-0.05505
-0.11377
-0.09811
-0.10440
-0.06973
-0.14529
-0.09070
-0.02576
0.02194
-0.18250
0.04840
-0.03729
-0.19980
0.06711
-0.14227
-0.04114
0.04602
-0.09216
-0.04349
0.10132
-0.13492
-0.03973
0.04437
-0.06210
0.16199
-0.02148
0.09161
0.06049
0.01297
0.20898
-0.01505
0.08923
0.18475
0.09903
0.17615
0.20288
0.09494
0.06061
0.24002
-0.01675
0.16904
0.22089
-0.00537
0.20471
0.06491
0.10004
-0.04324
-0.01260
0.05975
-0.01584
0.09018
-0.07214
0.05829
-0.14218
-0.19852
-0.00278
-0.14374
-0.09589
-0.09897
-0.00269
-0.18475
0.00574
-0.21478
-0.22180
0.06912
-0.26785
0.02658
-0.03082
-0.01959
-0.05026
-0.01044
-0.15631
-0.01682
0.05222
-0.03741
0.26053
-0.06180
0.16068
0.08286
-0.05655
0.06894
0.12546
0.05969
0.20056
0.19534
-0.08200
0.24429
0.01462
-0.10251
0.21637
0.05240
-0.01782
0.21658
0.05112
-0.07376
0.05673
-0.03366
-0.05536
0.03415
-0.00748
0.00644
0.06888
-0.03601
-0.11313
-0.08270
0.02740
-0.17844
-0.08646
0.13242
-0.16895
-0.01865
-0.02936
-0.36737
-0.08682
0.08139
-0.37421
-0.00064
0.12027
-0.39703
0.18243
-0.27405
-0.38486
0.38513
-0.25073
-0.16333
0.29510
-0.33832
-0.05960
0.44040
-0.49664
0.17529
0.25436
-0.34961
0.37524
0.06122
-0.05643
0.09586
0.20218
-0.24411
0.23279
0.22504
-0.20807
0.38135
-0.03485
0.19617
0.00906
0.02136
0.11237
-0.00809
0.22000
-0.02213
0.16229
0.02936
0.03281
-0.00250
-0.03729
0.02307
0.04019
0.08850
0.02255
0.09586
-0.13181
0.00781
-0.00558
-0.04425
0.14658
-0.09244
0.07172
0.09567
-0.06342
0.04276
-0.09064
-0.00793
0.09164
-0.00726
0.01718
0.06720
-0.01859
0.00122
0.00580
-0.21628
0.13821
-0.02609
-0.13339
0.25430
-0.20596
-0.03418
0.09116
-0.26401
0.04947
-0.01343
-0.12018
0.07913
-0.07315
-0.08542
0.01813
-0.08121
-0.14301
0.05469
-0.02542
-0.06735
0.08063
-0.01547
-0.03500
-0.03754
-0.07581
0.06607
-0.01355
-0.01892
0.20175
-0.14240
0.05832
-0.00540
-0.04742
0.10074
0.01035
-0.09344
0.09964
0.15146
-0.31805
0.34515
-0.17032
-0.24146
0.24014
-0.12555
-0.04196
0.01028
-0.02307
-0.20776
0.11929
-0.24414
-0.09915
0.18466
-0.31393
0.07532
-0.05951
-0.05136
-0.07928
-0.09879
-0.02597
-0.12991
0.16379
-0.24738
0.20441
0.03830
-0.21527
0.20078
-0.17239
0.04047
0.14737
0.00253
-0.01123
0.10983
0.07733
0.06589
0.00928
0.00873
0.15607
0.02689
0.13257
0.08643
0.04883
0.14572
-0.04028
0.11331
-0.03787
0.13904
0.09518
-0.03735
0.14957
-0.02902
0.12558
-0.07745
0.09537
-0.11630
0.22980
-0.01093
-0.15872
0.31317
-0.38297
0.28021
-0.13461
-0.09647
0.12430
-0.12549
0.09866
-0.05383
0.08569
-0.31293
0.17041
-0.14822
-0.09894
0.20624
-0.21857
0.00006
0.01248
-0.05194
-0.14249
-0.03510
0.04828
-0.16492
0.01968
0.17828
-0.24435
0.19049
-0.19327
-0.07068
0.20129
-0.21716
0.19919
0.04037
-0.03189
-0.01440
0.09729
-0.03387
-0.00992
0.12860
-0.06323
0.22055
-0.08044
0.05502
0.17752
-0.21518
0.25461
-0.13559
0.10510
0.14276
-0.19061
0.25082
-0.06757
-0.08057
0.04144
-0.06311
-0.00650
0.11594
-0.22440
0.06149
0.01950
-0.29355
0.08496
-0.03397
-0.18042
-0.05359
-0.06119
-0.10733
0.09296
-0.18625
-0.04678
-0.27469
0.07782
0.04950
-0.49017
0.53613
-0.31320
-0.19843
0.29285
-0.38446
0.12155
0.11975
-0.21121
0.06094
0.20908
-0.22574
0.27371
-0.01556
-0.26239
0.43112
-0.16739
0.13605
0.04962
0.01083
0.22342
-0.06821
0.02625
0.02499
0.36450
-0.25162
0.29269
0.08429
-0.05869
0.16656
-0.07806
0.29202
-0.22485
0.41089
-0.28058
0.10751
0.22687
-0.30475
0.40424
-0.34088
0.20984
-0.01837
-0.09958
0.19205
-0.22659
0.30121
-0.22021
0.02789
0.02341
-0.01587
0.16135
-0.25751
0.31613
-0.22430
0.18179
-0.06015
-0.12088
0.37503
-0.41226
0.27640
0.05383
-0.16928
0.08780
0.03632
-0.14151
0.08829
0.09576
-0.29428
0.25967
-0.16837
-0.11642
0.16705
-0.33969
-0.02673
0.15463
-0.22009
-0.09586
0.06738
-0.23615
0.01810
0.00739
-0.41187
0.20401
-0.06033
-0.34412
0.22714
-0.16064
-0.21719
0.10129
-0.17145
-0.17999
0.17590
-0.19839
0.08365
-0.00067
-0.05927
0.03769
-0.10336
0.12729
-0.12720
0.16986
-0.02713
0.17252
-0.05090
-0.00131
0.12979
-0.13437
0.28790
-0.11920
0.29089
-0.02695
-0.00598
0.28036
-0.14188
0.16727
-0.06958
0.24716
-0.05478
0.12518
0.03192
-0.04541
0.11334
-0.14078
0.29108
-0.29294
0.35513
-0.33054
0.17401
0.15903
-0.45410
0.38141
-0.36591
0.23154
-0.19843
0.04718
-0.19537
0.16013
-0.08371
-0.34799
0.41495
-0.60727
0.48782
-0.34924
-0.04303
0.26047
-0.39883
0.28467
-0.23209
0.11899
-0.13495
0.25446
-0.22531
0.22369
0.01352
-0.15994
0.49457
-0.47000
0.38644
-0.06976
0.14093
0.01385
0.17075
-0.11993
0.18741
0.17209
-0.41843
0.64920
-0.38620
0.24524
-0.02103
-0.05014
0.04877
0.11865
-0.04572
-0.21423
0.45059
-0.45981
0.27451
-0.01196
-0.33099
0.30032
-0.20029
0.01395
-0.01584
-0.06946
-0.16351
0.04919
0.01611
-0.32971
0.28964
-0.25449
0.01611
-0.14133
-0.02087
-0.00861
-0.22192
0.16971
-0.38171
0.34744
-0.25970
-0.17056
0.20184
-0.28983
0.18146
-0.06921
-0.11377
0.05923
0.06558
-0.33215
0.32718
0.04782
-0.47836
0.62369
-0.39011
0.24432
0.04507
-0.14587
0.37338
-0.28024
0.37766
-0.14365
0.22635
0.00864
0.00613
0.16125
-0.08548
0.10379
-0.05695
0.21432
-0.08633
0.01086
0.11493
-0.11108
0.12952
-0.12537
0.06906
0.10065
-0.15213
0.15268
-0.19449
0.02625
0.13577
-0.28802
0.21045
0.05667
-0.39655
0.46838
-0.23987
-0.22256
0.42346
-0.44574
0.12704
0.32202
-0.46136
0.15652
0.11444
-0.16360
0.10818
0.06909
-0.16580
0.02277
0.23572
-0.16751
0.27988
-0.29358
0.32941
-0.26321
0.14850
0.14520
-0.39056
0.64230
-0.54324
0.34723
-0.00073
-0.32346
0.24713
0.00787
-0.39832
0.42426
-0.15100
-0.28983
0.55759
-0.70425
0.41415
-0.06964
-0.37915
0.27542
-0.03387
-0.18457
0.08759
0.20374
-0.53195
0.51746
-0.34473
-0.02716
0.32455
-0.57108
0.70798
-0.38812
0.09653
0.03531
-0.25726
0.32565
-0.16986
0.09366
0.05081
0.08862
-0.22369
0.31848
-0.14267
-0.10999
0.25122
-0.17007
0.14719
0.08987
-0.04590
-0.01434
0.04800
-0.01147
-0.14392
0.27307
-0.09158
-0.17960
0.40930
-0.38290
0.21201
-0.11749
-0.18469
0.31937
-0.23199
0.08887
-0.16116
0.18741
-0.14279
-0.01868
0.07654
-0.30539
0.29504
-0.23752
0.13428
0.00012
-0.07397
0.09601
-0.20770
0.09286
-0.13489
0.21878
-0.17496
0.03064
0.11273
-0.25577
0.16580
-0.13193
-0.08850
0.18329
-0.12323
0.07849
0.13037
-0.29742
0.27817
-0.05878
-0.19974
0.38181
-0.22391
0.03949
0.22119
-0.33292
0.26794
-0.02185
-0.26553
0.25058
0.06299
-0.17703
-0.01736
0.20645
-0.26517
0.27029
-0.13907
-0.21558
0.32376
-0.38077
0.17529
0.11209
-0.04221
-0.07156
0.02762
0.05966
-0.20105
0.24792
-0.19733
0.03781
0.27286
-0.30090
0.18704
-0.02957
-0.30167
0.38907
-0.14059
-0.07965
0.19775
-0.13998
0.08035
0.06296
-0.16934
-0.03000
0.16104
-0.20160
0.26489
-0.04343
-0.20166
0.26141
-0.13409
-0.00211
0.15659
-0.19501
0.00888
0.27826
-0.16522
0.05887
0.03912
-0.10522
0.15359
-0.13947
-0.06625
0.26602
-0.06833
-0.07773
0.14218
-0.13422
-0.11020
0.29395
-0.35989
0.18759
0.12943
-0.20929
0.23154
-0.19012
0.13617
0.00400
-0.03717
-0.12772
0.35770
-0.32654
0.21078
0.03561
-0.28729
0.40387
-0.35696
0.23547
-0.12894
0.17615
-0.00635
-0.04501
-0.02008
0.09500
0.01352
-0.18698
0.30734
-0.46661
0.44382
-0.01486
-0.36966
0.43970
-0.31174
0.14124
-0.03812
-0.11145
0.26202
-0.16287
-0.00571
-0.01703
0.00226
-0.21884
0.23874
-0.27979
0.04657
0.18140
-0.54163
0.74716
-0.63113
0.04453
0.26321
-0.48990
0.46521
-0.24808
0.11661
-0.18268
0.09848
-0.15314
0.11469
-0.06674
-0.14481
0.49030
-0.60464
0.34198
-0.17477
-0.03937
0.30734
-0.51587
0.28571
-0.02637
-0.08267
0.02402
-0.05234
0.17184
-0.15906
-0.01059
0.04089
0.04779
0.09488
-0.01724
0.01825
0.04007
-0.01373
-0.06049
0.14883
-0.06305
0.09988
0.12900
-0.08670
-0.05817
0.16232
-0.12875
0.01736
0.19373
-0.19925
0.31055
-0.22461
0.11423
-0.01514
-0.16772
0.29099
-0.22217
0.12180
-0.08319
0.09369
0.07559
-0.30350
0.26682
0.04584
-0.33624
0.30853
-0.14099
-0.08646
0.44241
-0.40002
0.09653
0.07205
-0.11087
0.21899
-0.15302
-0.03497
0.13281
0.04510
-0.17239
0.21552
-0.30063
0.21463
0.09756
-0.25894
0.40411
-0.38480
0.17993
0.06146
-0.19464
0.06012
0.16318
-0.19418
0.08829
0.01300
-0.29523
0.44400
-0.37784
-0.04425
0.31378
-0.44464
0.22403
-0.00897
-0.30603
0.25668
-0.12000
0.07095
-0.04120
-0.13809
-0.06287
0.13327
-0.13535
0.09009
0.05719
-0.14343
0.00928
-0.01529
0.06369
-0.18094
0.24405
-0.21790
0.17099
-0.07397
0.03030
-0.17157
0.16901
-0.04913
-0.17395
0.56174
-0.76816
0.57166
-0.21289
-0.17807
0.42694
-0.40756
0.14868
0.15573
-0.21045
0.00754
0.31979
-0.55984
0.57346
-0.21283
-0.32080
0.72015
-0.57010
0.03595
0.50720
-0.62024
0.21658
0.38553
-0.86121
0.83636
-0.06595
-0.55380
0.84988
-0.58942
-0.08960
0.62164
-0.55319
0.27081
0.18661
-0.50900
0.51746
-0.02310
-0.38254
0.52252
-0.23279
-0.18961
0.64294
-0.51526
0.31097
-0.03265
-0.05878
0.26044
-0.28329
0.25931
-0.33344
0.33441
-0.02353
-0.18765
0.15836
0.07114
-0.28165
0.38461
-0.18851
-0.22217
0.51328
-0.50290
0.45703
-0.18848
-0.09256
0.17282
-0.15469
-0.24799
0.36911
-0.20465
-0.14694
0.56671
-0.83765
0.68222
-0.32516
-0.38724
0.81567
-0.81320
0.21857
0.45056
-0.73117
0.24973
0.19159
-0.42789
0.29233
-0.10532
-0.22525
0.55353
-0.45325
0.07822
0.29297
-0.53467
0.42056
-0.08780
-0.20755
0.06979
0.05685
-0.09152
-0.04822
0.01395
-0.13092
0.06058
0.02820
-0.13068
0.04398
-0.04691
0.05664
-0.02744
-0.08420
0.08188
-0.21921
0.21442
-0.15253
-0.01791
-0.10254
0.29291
-0.27780
0.15646
0.10559
-0.34024
0.47311
-0.34219
0.21643
-0.06689
0.23602
-0.36551
0.50497
-0.08456
-0.32236
0.53540
-0.71774
0.72891
-0.14444
-0.17474
0.35712
-0.19165
0.09528
0.09372
-0.05710
-0.09579
0.29773
-0.03366
-0.06671
0.19125
0.00238
-0.17841
0.01974
0.03369
-0.13599
0.45541
-0.36990
0.00424
0.36038
-0.47021
0.31659
-0.07169
-0.14127
0.09418
0.14609
-0.37497
0.29596
-0.02081
-0.36209
0.60318
-0.82001
0.40784
0.19800
-0.66766
0.63165
-0.22089
-0.29321
0.48538
-0.41467
-0.17285
0.57541
-0.47791
0.20285
0.13635
-0.34766
0.23584
-0.03137
-0.22305
0.15048
0.14206
-0.20972
0.25656
-0.32556
0.25421
-0.00641
-0.11533
0.08066
-0.17889
0.51001
-0.42969
0.15009
-0.26105
0.01428
0.30215
-0.34180
0.02100
0.18152
-0.01892
-0.26019
0.40082
-0.65198
0.40601
0.06680
-0.50159
0.74228
-0.63467
0.13724
0.23727
-0.62845
0.31427
0.16724
-0.52982
0.54083
-0.07098
-0.47208
0.84506
-0.89020
0.15170
0.64676
-0.74847
0.57971
-0.01627
-0.54846
0.71445
-0.14526
-0.67389
0.82401
-0.37274
0.16217
0.39636
-0.67203
0.57935
-0.18655
-0.09842
0.17435
-0.22409
0.21274
0.14365
-0.08972
-0.09488
0.22995
-0.33795
0.29941
0.06775
-0.39984
0.56082
-0.08594
-0.16370
0.26959
-0.05975
-0.40607
0.59515
-0.42004
0.02402
0.56955
-0.57892
0.50897
-0.28375
-0.14713
0.14575
0.03217
-0.08459
0.20389
-0.01245
-0.29630
0.47766
-0.31110
-0.08115
0.06253
-0.08719
0.12643
0.20807
-0.21255
0.01965
0.10709
-0.23105
0.01828
0.00085
0.11865
-0.33966
0.43671
-0.08884
-0.20612
0.36795
-0.67917
0.50089
-0.27576
-0.01828
0.27075
-0.24973
0.20886
-0.26633
0.21848
-0.43939
0.38699
-0.41992
0.14682
0.26727
-0.50223
0.61862
-0.57516
0.28543
-0.30676
0.00589
0.07947
-0.13678
0.28308
-0.37219
0.52258
-0.59851
0.44525
-0.22479
-0.24261
0.59192
-0.64310
0.78757
-0.37915
0.00543
-0.16113
0.19653
0.04355
-0.41678
0.62756
-0.76477
0.73502
-0.32816
0.01642
0.19913
-0.40475
0.37866
-0.28586
0.29367
-0.28604
0.39841
-0.18643
0.09848
-0.24713
0.02808
0.39264
-0.38318
0.36392
-0.32452
0.24045
0.09479
-0.15897
-0.15408
0.30612
-0.15131
-0.15475
0.40521
-0.35995
0.01910
0.35971
-0.47180
0.24261
-0.02158
-0.31509
0.51566
-0.33597
0.19455
-0.14297
0.25671
-0.26523
0.00397
0.18073
-0.24359
0.27420
-0.32886
0.42679
-0.27292
0.03232
0.12558
-0.18726
0.34116
-0.42523
0.10654
0.27066
-0.32275
0.34134
-0.16107
-0.16718
0.24744
-0.01947
-0.18594
0.23621
-0.06610
-0.15295
0.51611
-0.59930
0.34146
0.03403
-0.17233
0.09821
-0.12482
0.19934
-0.26093
0.15884
-0.03809
-0.02026
-0.21201
0.30087
-0.44070
0.09204
0.27341
-0.57315
0.68777
-0.41483
-0.15466
0.46408
-0.46158
-0.13220
0.46808
-0.36948
0.12784
0.39310
-0.61188
0.26941
0.03662
-0.13007
0.11484
-0.10635
-0.07828
0.36185
-0.07776
-0.23404
0.07645
-0.17407
0.34653
-0.07101
-0.05847
0.13586
0.07663
-0.06760
0.05121
-0.08002
-0.00146
0.12991
-0.13989
0.25134
-0.13492
0.02368
0.18939
-0.22672
0.18747
0.12299
-0.28265
0.22412
-0.30927
0.24426
0.09836
-0.26187
0.20114
-0.39893
0.43790
-0.05032
-0.29129
0.27686
-0.25650
0.02271
0.43768
-0.41537
0.10367
0.08307
-0.37408
0.35580
-0.00745
-0.42996
0.39966
0.12585
-0.58987
0.72620
-0.46976
-0.01291
0.21359
-0.37650
0.49951
-0.16147
-0.12088
0.15060
-0.10721
-0.02771
0.30377
-0.36722
0.03452
0.17789
-0.09528
-0.00668
0.27432
-0.40897
0.11948
0.25253
-0.50098
0.21786
0.11777
-0.13196
0.03046
0.13190
-0.48114
0.56070
-0.37204
-0.14236
0.59683
-0.63788
0.31464
0.22766
-0.44879
0.18338
0.05139
-0.38474
0.48245
-0.23468
-0.06888
0.47864
-0.41818
-0.01297
0.15671
-0.17838
-0.02682
0.23218
-0.21799
0.19440
0.04904
-0.48132
0.64301
-0.62112
0.15207
0.46921
-0.73450
0.51752
-0.09647
-0.16125
0.22192
-0.30606
0.04742
0.34583
-0.32486
0.06274
0.27991
-0.20862
0.11273
0.06516
-0.28143
0.42111
-0.29462
0.01352
0.21750
-0.22763
0.26251
-0.06555
0.00552
-0.03909
0.16876
-0.36728
0.34921
0.07413
-0.00763
0.02118
-0.05789
-0.14377
0.04242
0.26794
-0.50024
0.40457
-0.13815
0.04465
0.02957
-0.19357
0.03079
-0.14450
0.37903
-0.39822
0.19818
0.31525
-0.55493
0.72800
-0.71225
0.23334
0.03531
-0.32681
0.58481
-0.62009
0.69714
-0.59332
0.23184
-0.27182
0.12100
0.15356
-0.44403
0.65189
-0.62308
0.48459
-0.33340
-0.08362
0.04111
-0.12271
0.21350
-0.14612
0.08414
0.00845
-0.04572
-0.08664
0.23276
-0.45758
0.29236
0.01361
-0.06458
0.31476
-0.26535
0.13596
-0.11441
0.15540
-0.36676
0.39203
-0.04291
-0.05865
0.29489
-0.28979
0.34927
-0.42267
0.26608
-0.17142
0.06055
0.18289
-0.04337
-0.03464
-0.12054
0.12604
-0.10416
0.06546
-0.14737
0.18033
-0.16855
0.23151
-0.11908
0.00064
0.12076
-0.39728
0.24863
0.06549
-0.14215
0.09897
0.30283
-0.47372
0.25790
-0.02005
-0.31680
0.48523
-0.30453
0.19940
-0.15594
0.04752
0.16351
-0.03876
-0.14709
-0.16541
0.28528
-0.08676
0.11020
0.04361
-0.17123
-0.08206
0.21384
-0.14090
0.08011
-0.07068
-0.01929
0.29483
-0.33487
0.07056
0.06146
-0.24802
0.30383
-0.06906
-0.16495
0.20602
0.05283
-0.16275
0.12805
0.00415
-0.03824
0.07419
-0.08563
0.16345
-0.25433
0.27902
-0.06653
-0.27014
0.12344
0.16638
-0.29187
0.14014
0.00174
-0.19427
0.47656
-0.63931
0.37067
-0.01999
-0.23346
0.32779
-0.32550
0.01215
0.12924
-0.03613
-0.23987
0.33685
-0.35471
0.17648
0.17514
-0.68463
0.93210
-0.74249
0.21301
0.45163
-0.86731
0.88516
-0.47620
-0.11673
0.33655
-0.20807
-0.03909
0.39566
-0.63812
0.16855
0.59583
-0.83347
0.88281
-0.46671
-0.25659
0.59998
-0.47012
0.21954
-0.00269
-0.19479
0.37772
0.07635
-0.62421
0.63226
-0.18298
-0.28098
0.97507
-1.00000
0.62323
0.11295
-0.44687
0.66019
-0.62119
0.23340
0.10126
0.08191
-0.29962
0.26382
-0.25870
0.24573
-0.10434
-0.17117
0.48080
-0.57571
0.51022
-0.40698
0.05573
0.04199
-0.25967
0.36932
-0.01941
-0.14401
-0.02087
0.23669
-0.41718
0.19077
0.14865
-0.34351
0.32965
-0.28339
0.24390
-0.09326
-0.10553
-0.12936
-0.01706
0.35132
-0.42709
0.58813
-0.48553
0.26801
-0.19153
-0.05499
0.19867
-0.29498
0.34283
-0.22928
0.25424
-0.35892
0.31372
-0.26892
0.12363
-0.09406
0.11676
0.29715
-0.58698
0.36383
0.10541
-0.31802
0.19739
0.16287
-0.50830
0.49832
-0.33359
0.11191
0.28171
-0.42841
0.19586
0.09830
-0.26694
-0.02051
0.25290
-0.19098
0.08890
-0.01840
0.14020
-0.13184
-0.10580
0.01971
0.16147
-0.21692
0.17038
-0.01776
-0.05096
0.30328
-0.61639
0.42245
-0.09766
-0.17603
0.41714
-0.35544
0.12570
0.13660
-0.35431
0.30499
0.00836
-0.20074
0.12671
0.37717
-0.42670
0.21146
0.00549
-0.47656
0.89716
-0.78949
0.53589
0.01160
-0.53778
0.58380
-0.24561
0.02374
-0.04431
0.30713
-0.37573
0.42679
-0.30594
-0.15479
0.52103
-0.55551
0.44897
-0.37866
0.20920
-0.03659
-0.10397
0.22897
-0.28943
0.32355
-0.34357
0.37671
-0.26422
0.03818
0.17532
-0.18472
0.06406
-0.00107
-0.10797
0.00302
0.22528
-0.51706
0.61816
-0.38873
-0.11981
0.34628
-0.32593
0.10651
0.00537
0.03928
-0.25790
0.47546
-0.45352
0.07245
0.22574
-0.51147
0.61612
-0.41971
0.09644
0.04654
-0.04190
0.01508
-0.12238
-0.04807
0.00558
0.33551
-0.57813
0.74545
-0.65698
0.29590
0.05026
-0.42566
0.60193
-0.61301
0.42670
-0.05881
0.01117
-0.34839
0.63351
-0.66833
0.43219
0.14270
-0.69586
0.99997
-0.87732
0.46933
-0.17731
0.00177
0.10785
-0.05688
-0.14178
0.10049
0.18811
-0.39783
0.52716
-0.60474
0.44760
-0.30032
0.11057
0.21347
-0.37354
0.45355
-0.29608
0.25525
-0.22498
0.00693
0.13660
0.14417
-0.32465
0.38168
0.03101
-0.50388
0.67914
-0.57129
0.19812
0.27063
-0.48383
0.43216
0.07446
-0.53885
0.53806
-0.18277
-0.42581
0.70309
-0.70435
0.36816
0.54919
-0.99997
0.85062
-0.12744
-0.69504
0.90295
-0.66650
0.16125
0.45117
-0.53265
0.18817
0.23788
-0.41556
0.00848
0.47211
-0.46628
0.25558
0.19540
-0.51385
0.60510
-0.32089
-0.26215
0.39819
-0.34900
0.05252
0.28650
-0.00537
-0.43619
0.36731
-0.02936
-0.36948
0.28751
-0.46561
0.37881
0.20776
-0.49106
0.42236
-0.00531
-0.61862
0.39127
0.29016
-0.82748
0.99991
-0.58807
-0.06821
0.69238
-1.00000
0.99997
-0.67847
0.08899
0.32452
-0.14435
0.19409
-0.25079
0.08292
-0.25613
0.37103
-0.44116
0.46268
-0.20395
0.12030
0.16867
-0.45416
0.41379
-0.27594
-0.00958
0.19849
-0.11243
-0.07050
0.45074
-0.44397
0.11716
0.16867
-0.38187
0.57959
-0.62784
0.34253
0.27185
-0.39755
0.32257
-0.43387
0.27048
0.03265
-0.16650
0.10431
0.23105
-0.17245
0.11246
-0.00821
-0.25162
0.46527
-0.38635
0.11456
0.12338
-0.21082
0.38028
-0.20981
-0.33392
0.37994
-0.26218
-0.06360
0.43051
-0.46921
0.31601
0.06741
-0.53433
0.47562
-0.30417
0.14719
0.07187
-0.19049
0.17026
-0.10944
0.12497
-0.28500
0.15543
-0.10284
0.18460
-0.07120
0.09338
-0.10913
-0.08127
0.35550
-0.64969
0.49033
-0.15619
-0.20218
0.45505
-0.32211
-0.02057
-0.07141
0.01871
-0.13715
0.20938
0.00562
-0.04413
0.24680
-0.57303
0.58997
-0.38968
-0.09753
0.45120
-0.44464
0.51312
-0.24948
0.04144
-0.16324
0.07529
0.04382
-0.03458
0.03723
-0.00070
0.18066
-0.49283
0.57172
-0.50311
0.09027
0.37033
-0.53479
0.46033
-0.16916
0.01782
-0.03198
0.09265
-0.19864
0.14905
0.17395
-0.32431
0.45422
-0.43393
0.26013
0.07446
-0.32169
0.31470
-0.34277
0.41028
-0.10886
-0.21204
0.32510
-0.23273
-0.05585
0.17743
-0.06610
-0.18512
0.49677
-0.27045
-0.01913
0.25488
-0.38733
0.22314
-0.11841
0.03174
0.18719
-0.13657
0.14774
-0.10049
-0.04532
0.02200
-0.04773
0.03854
-0.04944
0.31161
-0.30695
0.13815
-0.02609
-0.22592
0.14044
-0.10190
0.31061
-0.29178
0.16019
0.08633
-0.22406
0.08313
-0.02994
-0.10873
0.10049
-0.00055
-0.01785
0.16010
-0.12558
-0.10956
0.16238
-0.24075
-0.08221
0.37308
-0.32401
0.37103
-0.21338
-0.26413
0.55060
-0.69678
0.34464
0.18503
-0.43158
0.60077
-0.42880
0.18713
0.01831
-0.37192
0.31577
-0.17273
0.07336
-0.04965
0.28293
-0.30011
0.06409
0.13867
-0.51236
0.69464
-0.48840
-0.03418
0.54407
-0.52161
0.27319
-0.11032
-0.14856
0.17017
0.03680
-0.11649
0.10114
0.15500
-0.15329
0.06332
-0.04819
-0.00058
-0.09787
0.18213
0.00031
-0.24197
0.33716
-0.10626
-0.23358
0.32965
-0.20483
-0.16751
0.41650
-0.25616
0.00931
0.20132
-0.29794
0.17126
0.07394
-0.33557
0.16226
0.08701
-0.12173
0.27945
-0.29840
0.07968
0.09680
-0.08969
0.06598
-0.07150
0.15982
-0.04962
0.00476
-0.02988
-0.06534
0.11200
0.06323
-0.22122
0.15457
-0.08279
0.18289
-0.03546
-0.26834
0.23740
-0.02768
0.04321
-0.21399
0.14755
0.00369
-0.06277
0.15506
-0.25058
0.12866
-0.02859
-0.00964
0.07123
-0.14362
0.30566
-0.27084
0.01071
0.04840
-0.02426
0.20520
-0.20990
-0.00641
0.12454
-0.08841
0.06705
0.03152
-0.31845
0.32437
-0.08072
0.11731
-0.13022
-0.06357
0.09335
-0.03439
0.13245
-0.29059
0.26108
-0.08627
0.12476
-0.15228
-0.16092
0.25397
-0.12292
-0.14642
0.16498
-0.15485
0.16226
0.03784
-0.29233
0.25507
-0.16440
0.28543
-0.22324
-0.07031
0.24088
-0.00873
-0.06839
-0.10129
0.03159
0.01447
0.17810
-0.27899
0.16980
-0.02237
0.06406
0.07907
-0.38290
0.13000
0.14734
0.00522
-0.05554
-0.02356
-0.03824
0.13019
-0.09201
-0.14117
0.20068
-0.19220
0.28427
-0.04752
-0.26913
0.42606
-0.37183
0.21991
-0.02640
-0.23828
0.44110
-0.10135
-0.07220
-0.17996
0.21817
-0.11945
0.01941
-0.00513
-0.09448
0.36786
-0.33896
0.23026
-0.12894
-0.19995
0.35358
-0.11887
0.00919
-0.00400
0.05374
0.07202
0.01328
-0.20462
0.08258
0.20239
-0.14911
0.03235
0.06561
-0.06799
0.13300
-0.04755
-0.26892
0.44278
-0.30569
0.11230
0.09784
-0.45554
0.62781
-0.45630
0.01340
0.15872
-0.33282
0.24130
0.06097
-0.32425
0.00543
0.35654
-0.42831
0.30072
-0.21030
-0.22141
0.63773
-0.47012
0.03650
0.12109
-0.26901
0.28412
-0.06879
-0.16464
0.11630
-0.06683
0.03510
0.05576
-0.30179
0.18939
0.12750
-0.28265
0.16913
-0.03232
-0.19223
0.36322
-0.21701
-0.25644
0.45267
-0.32181
0.21262
0.02835
-0.31107
0.36542
-0.14008
-0.11508
0.09879
0.12347
-0.19086
0.18817
-0.09525
-0.16177
0.41370
-0.28494
0.13135
-0.01013
-0.05392
0.40317
-0.27756
-0.08237
0.14542
0.03622
0.08923
-0.05563
0.04193
-0.06299
0.10629
0.07721
-0.29538
0.16641
0.04065
-0.02686
0.06381
-0.14761
0.02673
0.16919
-0.21536
-0.07712
0.30283
-0.24515
0.23453
-0.08005
-0.12079
0.16376
-0.11792
0.15024
-0.13763
0.12585
-0.07993
0.18332
-0.07025
-0.08395
0.18555
-0.08310
0.14856
-0.18652
0.12714
0.04346
0.08524
-0.09738
-0.00333
0.06747
-0.15143
0.23828
-0.28186
0.12772
0.12234
-0.36316
0.26114
-0.09430
-0.25186
0.24304
-0.11420
-0.13315
0.09503
-0.08386
0.01379
-0.05728
-0.15115
0.10782
0.01923
-0.15103
0.15286
-0.18738
0.00040
0.10107
-0.16458
0.13821
-0.18335
0.18921
-0.09735
-0.04816
0.02649
-0.10730
0.24039
-0.24133
0.08929
-0.07693
0.01752
0.10379
-0.17596
0.08005
0.00089
0.06296
-0.12601
0.09027
0.07220
-0.08978
0.13684
-0.14850
-0.00412
0.13327
0.01962
-0.03134
-0.00958
-0.06448
0.12738
0.11786
-0.11551
0.05542
0.06177
0.04007
-0.05072
0.11343
-0.08838
0.09189
0.14407
-0.24493
0.18008
-0.04578
0.06763
0.03052
-0.18542
0.12936
0.06168
0.02463
-0.15906
0.17413
-0.06247
-0.04312
0.15442
-0.17621
0.15399
-0.04034
-0.02081
0.00522
-0.08667
0.02167
0.12573
-0.09372
-0.14795
0.29514
-0.20389
0.00894
0.09705
-0.27512
0.25543
-0.02524
-0.21570
0.24734
-0.12317
-0.12463
0.27710
-0.37390
0.03012
0.23053
-0.28198
0.11737
-0.05881
-0.19592
0.19397
-0.07504
-0.26624
0.34125
-0.20609
-0.02985
0.12946
-0.33398
0.28244
-0.03329
-0.15979
0.08023
-0.01230
-0.05618
0.27438
-0.29431
-0.11670
0.40634
-0.33792
0.26859
-0.07480
-0.28088
0.31628
-0.06274
-0.05661
0.03738
0.00842
0.01489
0.15558
-0.14856
0.02313
0.20740
-0.26190
0.24350
0.00171
-0.12842
0.30435
-0.13257
-0.08789
0.13583
0.01447
0.09961
-0.05292
-0.08084
0.17365
-0.03003
0.08536
-0.10239
0.02112
0.03427
0.02478
0.13303
-0.22473
0.19156
-0.05829
-0.00116
-0.00415
0.00491
0.12039
-0.09747
0.18433
-0.22076
0.07135
0.15936
-0.12164
0.11121
-0.04755
0.06552
0.08359
-0.09769
0.00571
0.13400
0.02737
-0.03174
0.04559
-0.03836
0.06403
0.00949
-0.18329
0.10773
0.00107
-0.03345
0.07437
-0.20029
-0.02420
0.03027
-0.14758
0.07294
-0.06274
-0.12357
0.09988
-0.17020
-0.05099
0.01810
-0.14005
0.03558
0.00583
-0.16684
0.04935
-0.03738
-0.17273
0.14987
-0.13611
-0.00815
0.00256
-0.07599
0.10971
-0.20578
0.01395
0.09915
-0.12061
-0.00067
0.08624
-0.10291
0.02774
0.03247
-0.15454
0.19861
-0.03610
-0.09686
0.19821
-0.15665
0.04745
0.08163
-0.13861
0.17468
-0.02191
0.01443
0.13309
-0.13504
0.11337
0.04065
-0.01001
0.10370
-0.00586
0.03738
0.01608
0.02527
0.03925
0.13004
-0.07001
0.01538
0.06665
-0.04492
0.10104
-0.04468
0.03476
0.05719
-0.09805
0.09039
0.00394
-0.05524
0.08508
-0.09332
0.05292
0.00711
0.04224
0.02838
-0.06311
0.00800
-0.01675
0.06998
-0.07251
0.08237
0.00739
-0.01193
-0.00018
-0.06598
0.07953
-0.01694
0.00613
-0.03629
0.03705
0.03061
-0.05481
0.03781
-0.05380
-0.11118
0.11313
0.06085
-0.14441
0.05539
-0.06076
-0.08237
0.02902
-0.11319
0.05804
0.01938
-0.07376
-0.06900
-0.05310
-0.03030
-0.00381
-0.00021
-0.03549
0.05536
-0.18088
0.13879
-0.06158
-0.24777
0.18713
-0.10962
0.05191
0.15939
-0.22723
-0.06381
0.16653
-0.25714
0.19073
0.17499
-0.27786
0.18747
-0.06180
-0.09595
0.17084
-0.02350
-0.08939
0.09683
0.08603
-0.06116
0.15750
-0.02551
-0.18295
0.19345
-0.00348
0.02054
0.10614
-0.07037
0.02878
-0.04663
-0.02191
0.05383
0.08157
0.06567
-0.10513
-0.00931
0.11548
-0.04062
0.02188
0.02234
0.00668
0.06158
0.01135
-0.00162
-0.02512
-0.00778
0.00635
0.07007
-0.01038
-0.00110
0.10019
-0.02689
-0.06375
-0.00510
0.02713
0.09296
0.08118
-0.04224
0.03391
0.00134
0.00446
0.05383
-0.00156
0.08865
0.03244
0.02829
-0.03165
-0.02295
0.01086
0.04214
0.03140
0.03412
0.00076
-0.06793
0.02533
-0.11203
-0.03128
0.00232
0.07843
0.02188
-0.13913
-0.10718
-0.10013
0.03381
-0.07697
-0.00403
-0.03610
-0.08545
0.00681
-0.13760
-0.11728
-0.03207
-0.01038
0.02231
-0.04630
-0.13214
0.03839
-0.11066
-0.09454
0.04263
-0.05936
0.07510
-0.01001
-0.02164
-0.07697
-0.01288
-0.00702
0.03854
0.11310
-0.04373
0.07071
-0.09503
0.00153
0.05545
0.01364
0.15027
0.01074
-0.00037
-0.01572
0.05859
0.03027
0.01572
0.08051
-0.03308
0.10425
0.05197
-0.09140
0.08533
-0.01740
-0.00931
0.08328
-0.04803
0.08340
0.03073
-0.10635
-0.00317
-0.01102
0.06757
0.07077
-0.04025
-0.05991
-0.03201
0.05301
0.04727
-0.03177
-0.04169
0.01855
-0.01492
0.00427
-0.00546
-0.02466
0.05600
-0.01074
-0.03711
0.00330
0.02414
-0.00485
0.03629
-0.02289
-0.00040
0.03339
-0.00479
0.04419
-0.00403
0.09467
0.00711
0.05222
0.03439
-0.08023
0.05530
0.10098
0.03424
0.12897
-0.03372
-0.08871
0.12564
-0.13580
0.11935
0.07977
-0.01520
0.06473
-0.14063
-0.06818
0.00946
0.07767
-0.09747
0.03244
-0.04489
-0.10382
0.03400
-0.25037
-0.04468
0.01740
-0.05557
0.07324
-0.14853
-0.15121
-0.02075
-0.11963
-0.04059
0.07266
-0.05707
0.00421
-0.06036
-0.12619
0.03891
-0.01691
-0.02524
0.04648
-0.00122
0.02219
0.03955
-0.10095
0.04443
0.00760
0.03323
0.10968
0.02283
-0.00418
-0.00186
0.05704
-0.04688
0.10883
0.04861
0.00403
0.11520
-0.04382
-0.03665
0.11472
-0.00439
-0.01233
0.05350
-0.02927
0.09592
0.00354
-0.05573
-0.02408
0.01715
0.00558
0.09521
0.01999
-0.07568
0.06827
-0.10400
0.03488
0.07004
0.00085
0.08298
-0.06857
-0.03683
0.05304
0.01227
-0.04315
0.00183
0.02551
0.00653
0.06415
-0.07629
-0.04803
0.05197
-0.02966
0.04727
0.03662
-0.01996
-0.00259
0.04822
-0.05148
0.02145
0.10730
-0.04984
0.11194
0.01529
-0.08899
0.10712
-0.01913
0.01895
0.13165
-0.03491
0.03650
0.07532
-0.09576
-0.02292
0.05219
-0.01364
0.05518
0.00092
-0.07068
-0.03564
-0.08185
-0.02234
-0.01337
-0.01511
-0.02286
-0.06018
-0.10254
-0.11792
-0.00940
-0.00217
-0.03363
-0.04391
-0.04306
-0.06424
-0.07034
-0.03003
-0.00836
-0.01358
-0.00769
-0.01855
-0.04163
-0.00815
-0.04553
-0.00183
0.01617
0.01431
0.02710
-0.03363
-0.03387
-0.03833
0.06470
0.07263
-0.01593
0.00784
-0.02371
-0.03210
0.05066
0.01581
0.00174
0.05927
-0.00104
-0.01898
-0.00006
-0.05966
0.03055
0.08591
-0.04306
0.05490
-0.01205
-0.06552
0.03247
-0.02957
0.04266
0.06424
0.02109
-0.02127
-0.01978
-0.02612
0.03967
0.09146
-0.00516
0.02905
-0.01352
-0.01285
0.06348
-0.02621
0.02783
0.06357
-0.03625
0.05746
-0.03000
-0.02264
0.06235
-0.03055
0.07379
0.02213
0.00119
-0.01151
-0.03357
0.03128
0.04047
0.07199
-0.00998
-0.02295
-0.00772
-0.03668
0.04929
0.03824
0.00699
0.02948
-0.04025
-0.04889
-0.01059
0.03857
-0.00464
0.03711
-0.04153
-0.02728
0.05362
-0.05649
-0.01035
-0.01413
0.01294
0.00745
0.02060
-0.05582
-0.01642
0.02585
-0.00433
0.03870
-0.05289
-0.01862
-0.00677
0.01822
-0.00668
0.04111
0.00079
-0.02817
0.00473
-0.05066
0.07977
0.01575
0.02341
0.00253
-0.06232
0.02524
0.01590
0.00705
0.00555
0.01715
-0.04504
-0.01831
-0.02777
-0.01602
0.03851
-0.02393
-0.04376
-0.03430
-0.02121
-0.02206
-0.00595
-0.06607
-0.03882
-0.02249
-0.04205
-0.01569
-0.07059
-0.05215
-0.03949
-0.00156
-0.01535
-0.02551
-0.07126
-0.08591
-0.00214
0.03238
0.03171
-0.04398
-0.03668
-0.03564
-0.05957
0.05554
0.05392
-0.01233
0.00397
-0.07535
0.00278
0.09384
0.03598
-0.01801
-0.01981
0.01852
0.07794
0.08768
0.00571
-0.02478
0.02255
0.10138
0.05066
0.04614
0.01718
0.00717
0.06311
0.06497
0.06833
0.03320
-0.02017
-0.03226
0.06567
0.10211
0.06519
-0.00293
-0.05276
-0.01706
0.05869
0.07690
0.02258
-0.01221
-0.00333
0.00443
0.02097
0.02448
-0.03027
0.01151
0.01392
0.01636
0.01120
-0.00134
-0.01596
-0.03983
0.01831
0.01654
0.04565
0.00919
-0.03738
-0.01126
0.01086
0.03406
0.02115
0.00204
0.00333
0.03589
0.01334
0.01483
-0.01437
-0.00461
0.04175
0.01712
0.03412
-0.02002
-0.01959
0.00049
-0.03625
0.01401
0.00626
-0.02881
-0.01968
-0.05338
-0.06845
-0.00320
-0.03528
-0.06018
-0.01932
-0.09378
-0.03577
-0.03665
-0.09421
-0.03192
-0.05814
-0.06378
-0.01785
-0.04984
-0.08698
-0.04590
-0.04739
-0.04694
-0.01901
-0.03900
-0.03952
-0.02203
-0.03165
-0.00867
-0.01675
-0.02625
-0.00751
-0.00491
0.02713
0.01266
-0.00012
-0.03241
0.00381
0.02457
0.03806
0.05460
-0.00555
0.01846
0.01056
0.01862
0.03738
0.03220
0.05536
0.03653
0.04565
0.02505
0.02328
0.02481
0.02161
0.05286
0.05481
0.04584
0.02954
-0.00967
-0.01184
0.04111
0.03949
0.03156
0.03574
0.00363
0.00433
-0.00586
-0.00699
0.01810
0.02261
0.01984
-0.00058
-0.02158
-0.00436
-0.00430
0.01233
0.00101
-0.01743
0.00558
-0.00632
0.02652
-0.02002
-0.01450
0.02634
-0.04156
0.03287
0.00522
-0.00085
0.01157
-0.01834
-0.00928
0.02191
0.00888
-0.01566
0.02579
-0.04507
0.06369
0.01273
-0.01605
0.00998
-0.03748
0.04932
0.03708
0.00912
-0.01575
0.00790
-0.03360
0.04459
0.03476
-0.01334
0.04581
-0.04364
0.00278
0.00876
-0.00424
0.01706
-0.00412
-0.01550
-0.01538
-0.01114
-0.03851
-0.02075
-0.03848
-0.02655
-0.00793
-0.04410
-0.05035
-0.07413
-0.02829
-0.04083
-0.01984
-0.02994
-0.07254
-0.02560
-0.05750
-0.02750
-0.00858
-0.01941
-0.03812
-0.02295
-0.02219
-0.01898
0.01859
-0.01553
0.00720
0.00159
-0.01926
0.01373
-0.01617
0.02209
0.04456
0.01724
0.00278
-0.00467
0.00964
0.01389
0.03467
0.02353
0.01761
0.00903
0.00659
0.00705
0.00552
0.00903
0.01688
0.01434
0.01031
-0.00620
-0.02231
0.00226
0.02084
0.03763
0.01102
-0.01099
-0.01202
0.01651
0.04266
0.02249
0.02515
0.01422
0.00909
0.02277
0.01746
0.01425
0.05585
0.06360
0.02005
0.02112
-0.01871
0.02551
0.07336
0.06174
0.04767
0.01587
-0.00067
0.01746
0.08646
0.03592
0.07071
0.04776
-0.01215
0.04187
0.02951
0.06091
0.07178
0.02789
0.00385
0.02563
0.02493
0.01126
0.03445
0.00632
0.00433
0.01108
-0.03839
-0.03619
-0.03540
-0.01160
-0.00418
-0.06058
-0.06308
-0.09509
-0.08463
-0.03677
-0.07520
-0.05133
-0.10010
-0.12943
-0.08597
-0.10068
-0.04865
-0.08142
-0.09814
-0.09064
-0.09180
-0.06198
-0.07816
-0.05862
-0.05908
-0.05014
-0.03351
-0.06268
-0.03156
-0.03320
-0.00711
0.01413
-0.01965
0.01624
-0.01959
0.02496
0.04205
0.01840
0.06503
0.02921
0.03229
0.05981
0.05554
0.07431
0.06976
0.05621
0.05234
0.06860
0.07184
0.07257
0.08356
0.04535
0.06473
0.06332
0.04068
0.07495
0.05081
0.04492
0.05029
0.01712
0.03448
0.03546
0.01987
0.03384
0.00702
0.00745
-0.00415
-0.02100
0.00162
-0.00656
0.00406
-0.01749
-0.05432
-0.04025
-0.03891
-0.01648
-0.02039
-0.04507
-0.05563
-0.06583
-0.04541
-0.03766
-0.04178
-0.03448
-0.06195
-0.05930
-0.04996
-0.03918
-0.02005
-0.03778
-0.04324
-0.04532
-0.02344
-0.01746
-0.01620
-0.00882
-0.02612
0.00073
0.00601
-0.00647
0.01080
0.00412
0.01282
0.03650
0.02515
0.01691
0.01578
0.02567
0.03210
0.05371
0.03772
0.01059
0.02777
0.01929
0.05038
0.05383
0.02698
0.01266
0.02530
0.02942
0.04620
0.04120
0.01193
0.02612
0.02628
0.03326
0.03857
0.01709
0.03302
0.02032
0.03247
0.02405
0.04230
0.05777
0.00339
0.03857
-0.01208
0.06219
0.05511
0.02509
0.01440
0.00854
0.03839
0.02405
0.03952
-0.04355
0.03455
0.00250
-0.00531
0.00650
-0.05432
-0.02008
-0.02737
-0.02808
-0.05994
-0.05069
-0.07401
-0.08240
-0.05511
-0.09048
-0.07809
-0.08768
-0.10739
-0.10202
-0.09106
-0.07959
-0.09998
-0.08612
-0.11435
-0.09274
-0.06729
-0.08493
-0.06421
-0.07211
-0.06100
-0.06351
-0.04480
-0.04868
-0.02579
0.00305
-0.02829
-0.01501
-0.00424
0.01245
0.02618
0.03458
0.02661
0.04428
0.06793
0.03357
0.06311
0.05856
0.08554
0.09772
0.06891
0.08136
0.06354
0.10110
0.09335
0.07901
0.09940
0.06522
0.08908
0.08334
0.06967
0.08118
0.06577
0.05307
0.05618
0.05191
0.03830
0.05331
0.03110
0.01373
0.02097
-0.00369
0.00830
-0.00128
-0.02011
-0.01447
-0.02786
-0.04660
-0.04407
-0.04736
-0.04214
-0.04120
-0.06152
-0.08237
-0.06293
-0.06055
-0.04520
-0.02802
-0.06912
-0.04544
-0.05298
-0.05038
-0.00546
-0.01233
0.00046
0.02982
-0.01410
0.00446
0.02942
0.02451
0.08771
0.07822
0.04044
0.06259
0.06528
0.05795
0.12741
0.07220
0.07632
0.10938
0.04330
0.07819
0.08356
0.06369
0.07849
0.04068
0.03000
0.03217
0.04416
0.01401
-0.00345
0.00455
-0.02658
-0.00290
-0.04218
-0.05826
-0.04306
-0.04709
-0.05042
-0.09406
-0.09387
-0.08951
-0.08069
-0.06537
-0.10858
-0.11642
-0.11035
-0.11340
-0.09290
-0.09003
-0.10547
-0.11041
-0.11111
-0.11551
-0.08777
-0.06976
-0.08493
-0.08786
-0.08838
-0.08423
-0.04816
-0.05069
-0.05106
-0.03693
-0.04166
-0.01770
-0.03018
-0.00360
0.00385
0.01700
0.03525
0.00153
0.03931
0.03333
0.05319
0.07523
0.05804
0.07196
0.06857
0.07547
0.07687
0.10178
0.09174
0.08810
0.09680
0.07077
0.09528
0.09793
0.08804
0.08942
0.08420
0.07193
0.06927
0.07019
0.05835
0.07330
0.06601
0.04135
0.03766
0.03192
0.03033
0.04617
0.03445
0.01450
0.01459
0.00113
0.00861
0.00726
0.00928
0.00409
-0.00867
-0.01569
-0.02353
-0.01071
-0.00635
-0.01276
-0.02612
-0.03122
-0.04190
-0.02625
-0.02158
-0.03864
-0.02927
-0.04468
-0.03986
-0.03912
-0.04138
-0.03543
-0.03857
-0.03925
-0.04169
-0.02371
-0.01276
-0.03726
-0.04361
-0.04327
-0.00873
0.02966
-0.00858
-0.04163
-0.03201
-0.00693
0.03195
0.02026
-0.03232
0.00040
0.00638
0.01694
0.00269
-0.01935
0.00800
0.01324
0.01782
-0.01785
-0.01181
-0.01324
-0.00351
0.00458
-0.01047
-0.01117
-0.02411
-0.02716
-0.02762
-0.00800
-0.00275
-0.01974
-0.03516
-0.04144
-0.02911
0.00040
-0.01373
-0.02777
-0.02371
-0.03329
-0.01331
-0.01254
-0.01578
-0.00998
-0.01129
-0.01651
-0.01410
-0.01010
-0.00165
0.00070
0.00259
-0.01050
-0.00906
-0.00021
0.00647
0.00513
0.00577
0.00607
-0.00787
-0.00327
-0.00345
0.00974
0.00821
0.01477
-0.00583
-0.00815
-0.00992
-0.02222
0.03229
0.00192
0.00797
-0.01199
-0.02832
-0.00412
0.00592
0.01602
0.00967
0.01123
-0.02063
-0.00281
0.00031
0.02783
0.03653
0.02032
0.00671
0.00714
0.03159
0.03366
0.03806
0.04370
0.05243
0.05685
0.04999
0.03497
0.05682
0.08469
0.09219
0.07953
0.07352
0.07425
0.09091
0.10513
0.08102
0.10736
0.11026
0.09201
0.09354
0.07080
0.09363
0.10901
0.09283
0.05634
0.05319
0.05588
0.04834
0.05902
0.00848
0.01376
0.00192
-0.02115
-0.02432
-0.03912
-0.03943
-0.06027
-0.08490
-0.10333
-0.09607
-0.09396
-0.11414
-0.13437
-0.14160
-0.14240
-0.13947
-0.15396
-0.16055
-0.15317
-0.14514
-0.15784
-0.16296
-0.16614
-0.14560
-0.13220
-0.13184
-0.13092
-0.13770
-0.11490
-0.11594
-0.08948
-0.07611
-0.07056
-0.06366
-0.06363
-0.04996
-0.02017
0.00549
0.00223
0.00864
0.01202
0.02985
0.05524
0.07153
0.06912
0.08417
0.09384
0.08548
0.11063
0.11188
0.12448
0.14127
0.12244
0.12637
0.13162
0.13257
0.13419
0.13550
0.13223
0.12170
0.12622
0.10605
0.09595
0.11328
0.08713
0.09055
0.07300
0.04950
0.05630
0.04388
0.03113
0.02957
0.01132
-0.00327
-0.01175
-0.01871
-0.01996
-0.02420
-0.04056
-0.05807
-0.05365
-0.05429
-0.05820
-0.06204
-0.07504
-0.07370
-0.06439
-0.07443
-0.07541
-0.07248
-0.07043
-0.06393
-0.07129
-0.07452
-0.06396
-0.05164
-0.05200
-0.05328
-0.06110
-0.04807
-0.03494
-0.03125
-0.02899
-0.03149
-0.02499
-0.01492
-0.01025
-0.00629
0.00873
0.00867
0.00729
0.01910
0.01471
0.04196
0.04288
0.03809
0.04926
0.04922
0.05804
0.07089
0.06644
0.06866
0.08087
0.06631
0.10001
0.08008
0.08801
0.07803
0.06613
0.09964
0.08731
0.09430
0.05264
0.06461
0.05173
0.08209
0.05954
0.02362
0.04477
-0.00116
0.03845
0.00220
-0.01846
-0.01367
-0.02975
-0.03650
-0.05603
-0.06653
-0.08530
-0.07535
-0.09250
-0.11215
-0.10468
-0.13367
-0.12930
-0.13437
-0.14020
-0.13635
-0.14816
-0.15060
-0.15222
-0.13565
-0.14017
-0.13852
-0.13629
-0.12335
-0.11713
-0.09662
-0.10175
-0.08969
-0.06403
-0.06479
-0.04593
-0.03604
-0.02069
0.00723
0.02155
0.01764
0.02682
0.04916
0.07294
0.09680
0.09235
0.08475
0.10629
0.12704
0.13620
0.14044
0.12982
0.13943
0.15247
0.15601
0.15045
0.14508
0.13287
0.13852
0.14496
0.14856
0.12372
0.10535
0.08563
0.09579
0.11356
0.08337
0.05191
0.03723
0.03067
0.03647
0.02457
-0.01105
-0.01154
-0.02017
-0.03543
-0.05826
-0.05463
-0.06720
-0.06323
-0.06421
-0.10574
-0.09357
-0.10544
-0.09299
-0.07010
-0.08829
-0.09708
-0.11081
-0.08698
-0.07556
-0.05161
-0.05237
-0.05490
-0.04639
-0.05215
-0.02780
-0.01215
0.02209
0.02344
-0.00198
0.00986
0.02808
0.04443
0.07095
0.04553
0.05127
0.08408
0.04248
0.05026
0.06192
0.06653
0.09860
0.05698
0.01517
0.03131
0.04807
0.05463
0.03882
0.01208
-0.01184
0.01013
-0.00616
-0.01892
-0.00638
-0.03311
-0.03400
-0.05005
-0.06479
-0.04657
-0.05884
-0.05743
-0.07620
-0.07486
-0.07202
-0.09286
-0.06885
-0.08099
-0.06216
-0.07062
-0.09476
-0.07956
-0.06927
-0.04395
-0.05652
-0.05753
-0.06189
-0.05115
-0.02838
-0.03531
-0.02036
-0.01550
-0.01532
-0.01291
-0.00775
0.00436
0.01965
0.02466
0.01770
0.01901
0.02631
0.03732
0.03937
0.04858
0.04480
0.04480
0.04694
0.04138
0.05386
0.06314
0.05408
0.04822
0.04880
0.04306
0.05948
0.04959
0.04541
0.04535
0.04456
0.03867
0.03342
0.03912
0.03082
0.04825
0.02625
0.02039
0.02435
0.02069
0.03372
0.02435
0.01962
0.01740
0.01602
0.01352
0.01715
0.01431
0.02414
0.01385
0.00903
0.00443
0.00403
0.01346
0.01144
0.01401
-0.00095
-0.00241
-0.00461
-0.00711
0.01001
-0.00327
-0.00461
-0.00775
-0.02051
0.00436
-0.02365
-0.00870
-0.02759
0.00323
0.01804
-0.04132
-0.01941
-0.06396
0.02075
0.02856
-0.01035
-0.05011
-0.05157
0.00247
0.00653
0.02176
-0.06870
-0.01242
-0.00714
-0.01657
-0.01111
-0.04559
-0.00742
-0.00275
-0.01202
-0.05432
-0.02945
-0.01855
-0.01761
-0.00876
-0.03931
-0.03534
-0.02655
-0.04181
-0.02075
-0.00995
-0.01724
-0.04086
-0.04657
-0.03290
-0.00104
-0.00162
-0.03311
-0.03839
-0.02145
-0.00595
-0.01279
-0.01617
-0.02206
0.00156
-0.00247
-0.02463
-0.01587
-0.00958
0.01663
0.00330
-0.01086
-0.01321
-0.00519
0.01227
0.00687
0.00494
0.00696
0.00034
0.00772
0.01184
0.01334
0.01660
0.01520
0.01935
0.01791
0.02209
0.01309
0.02255
0.04370
0.02396
0.02322
0.01105
0.02216
0.06107
0.02408
0.01736
0.00153
0.02982
0.04083
0.02441
0.01547
-0.01218
0.02783
0.00604
0.01529
0.00406
-0.00201
0.00006
0.00256
-0.00516
-0.00714
0.00534
-0.01923
0.01038
-0.00186
-0.00201
-0.00201
-0.00092
0.00940
0.02133
0.01184
0.00580
0.04431
0.02948
0.03430
0.03415
0.01996
0.07660
0.07050
0.04626
0.05457
0.05157
0.07239
0.08942
0.05908
0.05206
0.08350
0.06754
0.06320
0.05603
0.03342
0.06296
0.06393
0.02676
0.02444
0.00632
0.00992
0.01740
-0.00186
-0.02399
-0.03732
-0.03485
-0.05569
-0.04391
-0.06674
-0.08325
-0.08463
-0.10638
-0.09189
-0.10904
-0.10696
-0.13037
-0.12650
-0.12601
-0.13989
-0.12384
-0.13840
-0.12964
-0.12833
-0.14236
-0.12531
-0.12411
-0.10727
-0.10266
-0.11679
-0.09146
-0.09091
-0.06461
-0.06268
-0.06271
-0.04178
-0.03140
-0.01135
-0.00891
0.00702
0.01309
0.03424
0.04315
0.05212
0.06732
0.07587
0.08585
0.09479
0.10370
0.10339
0.12466
0.11618
0.12994
0.13483
0.12427
0.13199
0.12634
0.12891
0.13458
0.12704
0.11374
0.11145
0.09958
0.09988
0.09610
0.08508
0.07211
0.06274
0.04764
0.03842
0.04184
0.02203
0.02341
0.00153
-0.01907
-0.01190
-0.02142
-0.02209
-0.02881
-0.05826
-0.05533
-0.05893
-0.05505
-0.05334
-0.07504
-0.07672
-0.08182
-0.06732
-0.07556
-0.07550
-0.07669
-0.07999
-0.06351
-0.08160
-0.06961
-0.06363
-0.05838
-0.04721
-0.06329
-0.05219
-0.04276
-0.03339
-0.01620
-0.02692
-0.01187
-0.01868
-0.00385
0.00070
0.03424
0.03992
0.01309
0.02731
0.01331
0.08075
0.07599
0.06201
0.03915
0.05902
0.08337
0.08633
0.08841
0.04153
0.09821
0.07758
0.07571
0.06424
0.05115
0.07770
0.06903
0.05191
0.02643
0.03818
0.03333
0.01758
0.02222
-0.00519
-0.00183
-0.00980
-0.04416
-0.02744
-0.03546
-0.03995
-0.06464
-0.07629
-0.07629
-0.06888
-0.07565
-0.10367
-0.10013
-0.08978
-0.09686
-0.11020
-0.11176
-0.11444
-0.08618
-0.09927
-0.12137
-0.10681
-0.10147
-0.08008
-0.08698
-0.09113
-0.08679
-0.06424
-0.06192
-0.06738
-0.04501
-0.03394
-0.02292
-0.01953
-0.02689
0.00204
0.01904
0.02972
0.02884
0.03738
0.05127
0.06204
0.07532
0.07446
0.09225
0.10141
0.10336
0.10022
0.10645
0.12546
0.12650
0.12830
0.11157
0.11548
0.13034
0.12137
0.12466
0.09741
0.09714
0.10434
0.10452
0.08353
0.06012
0.06219
0.04837
0.07297
0.03012
0.01187
0.01474
-0.00015
0.01730
-0.01651
-0.03156
-0.03326
-0.01599
-0.02817
-0.05841
-0.05658
-0.06598
-0.01343
-0.02527
-0.07748
-0.06024
-0.06909
-0.01547
-0.00620
-0.04269
-0.05322
-0.03909
-0.00638
-0.01166
0.00467
-0.02979
-0.00568
0.01749
-0.01865
0.01050
-0.00375
0.00891
0.02057
-0.00452
-0.00275
-0.01324
0.00964
-0.00885
-0.00421
-0.00415
-0.04037
-0.00720
-0.04422
-0.02405
-0.02277
-0.04175
-0.04202
-0.06219
-0.04031
-0.05588
-0.04294
-0.05899
-0.06625
-0.04370
-0.06992
-0.05762
-0.05865
-0.05466
-0.04428
-0.05667
-0.05783
-0.05341
-0.03598
-0.03366
-0.04190
-0.03430
-0.02939
-0.01880
-0.01645
-0.02139
-0.00958
0.01038
0.00510
0.00311
0.00491
0.01932
0.03537
0.03574
0.02780
0.03101
0.04849
0.05045
0.04779
0.05435
0.04974
0.06775
0.06232
0.04364
0.06409
0.05981
0.06537
0.06308
0.04361
0.05447
0.04913
0.04941
0.04465
0.04156
0.03738
0.02704
0.02298
0.01569
0.02509
0.02048
-0.00076
0.00055
-0.00302
-0.00192
-0.00272
-0.02097
-0.01785
-0.00583
-0.01804
-0.02280
-0.03238
-0.02515
-0.01218
-0.01196
-0.02719
-0.03055
-0.01541
-0.02103
-0.00336
-0.01544
-0.01483
0.00015
-0.00854
0.00421
-0.00317
0.00629
0.00336
0.02313
0.02673
0.00510
0.01752
0.00491
0.04089
0.04282
0.02838
0.00757
0.02139
0.03552
0.03745
0.03699
-0.00037
0.02673
0.03040
0.01770
0.00861
0.00134
0.01129
0.01657
-0.00134
-0.02573
-0.01486
-0.00616
-0.01572
-0.01675
-0.03778
-0.03931
-0.03125
-0.04465
-0.03635
-0.03555
-0.04135
-0.05481
-0.05875
-0.04993
-0.03647
-0.03503
-0.05521
-0.05197
-0.04358
-0.03952
-0.04263
-0.03738
-0.03143
-0.02466
-0.03333
-0.04327
-0.02731
-0.01254
-0.00986
-0.02115
-0.02231
-0.01730
-0.00687
-0.00974
-0.01004
0.00156
0.00119
-0.00751
-0.01514
0.00183
0.01178
0.00940
0.00174
-0.00952
0.01239
0.01587
0.00803
0.00900
0.00916
0.02530
0.02176
0.01895
0.00934
0.02420
0.03690
0.03223
0.04123
0.02365
0.02084
0.04733
0.03955
0.05716
0.03879
0.02362
0.04309
0.04712
0.05569
0.02917
0.03699
0.02667
0.04633
0.04343
0.00879
0.03305
0.01831
0.02539
0.02444
0.00073
0.00745
0.01761
0.01935
-0.00482
0.00079
-0.02145
0.01987
0.04565
-0.02121
0.00104
-0.03473
0.02341
0.05255
0.01144
-0.01199
-0.00931
0.03085
0.02603
0.04376
-0.02069
0.02310
0.04443
0.00443
0.02936
-0.01111
0.02347
0.03525
0.00839
0.00049
-0.01227
0.00778
-0.01199
0.01474
-0.01740
-0.02655
-0.01309
-0.04663
-0.01129
-0.02814
-0.03085
-0.04138
-0.05405
-0.03491
-0.04581
-0.03320
-0.05841
-0.05051
-0.03461
-0.06281
-0.04425
-0.05890
-0.04578
-0.03366
-0.05646
-0.05890
-0.05682
-0.04156
-0.03592
-0.05103
-0.05856
-0.05374
-0.03580
-0.03802
-0.05453
-0.04343
-0.04443
-0.02530
-0.04080
-0.04166
-0.02768
-0.02863
-0.00854
-0.02924
-0.01608
-0.00598
0.00098
0.00565
0.00632
0.00903
0.02847
0.03241
0.02832
0.04184
0.04633
0.04855
0.06149
0.05640
0.06622
0.07117
0.06149
0.06726
0.07941
0.07605
0.06958
0.06268
0.05630
0.07379
0.07098
0.04999
0.04333
0.04611
0.04388
0.04633
0.02405
0.01514
0.03369
0.01401
0.01645
-0.00287
-0.00119
0.00671
0.00067
-0.00848
-0.01758
-0.00992
-0.01791
-0.00687
-0.02271
-0.02319
-0.01660
-0.02863
-0.01117
-0.02969
-0.02518
-0.02771
-0.02829
-0.01282
-0.03192
-0.02341
-0.02759
-0.02359
-0.01782
-0.02914
-0.02844
0.00763
-0.00992
-0.02090
-0.02826
-0.01938
0.03152
0.02029
-0.00394
-0.02838
0.01971
0.02280
0.03973
0.02014
-0.01361
0.05481
0.02057
0.02878
0.02063
0.02145
0.04721
0.02750
0.01648
0.00443
0.03067
0.02225
0.00925
0.01956
-0.01038
0.00455
-0.00452
-0.01157
0.00644
-0.01361
-0.02200
-0.04050
-0.01892
-0.01901
-0.01947
-0.03781
-0.05386
-0.03204
-0.02969
-0.03995
-0.04849
-0.03781
-0.04630
-0.03168
-0.05240
-0.04843
-0.03305
-0.03864
-0.03778
-0.04813
-0.03830
-0.03125
-0.02594
-0.03793
-0.04239
-0.02252
-0.01819
-0.02072
-0.03003
-0.02527
-0.01147
-0.00586
-0.01584
-0.01636
-0.00491
0.00644
0.00201
-0.00656
-0.00525
0.01178
0.02856
0.01166
0.00693
0.01328
0.02969
0.04019
0.01837
0.02753
0.03693
0.05508
0.04321
0.02441
0.04187
0.05319
0.06958
0.05286
0.03275
0.04297
0.05206
0.05795
0.05273
0.04337
0.04587
0.03485
0.02808
0.02509
0.04004
0.04306
0.02249
0.01971
-0.01019
0.01080
0.01315
0.02356
0.04233
-0.01263
-0.01010
-0.02798
0.02307
0.04852
0.02554
-0.00531
-0.02716
0.02707
0.02570
0.04706
0.00494
0.01190
0.04993
0.00620
0.02628
0.00174
0.03870
0.05389
0.00949
-0.00021
-0.01767
0.02634
0.01746
0.00562
-0.00955
-0.03745
-0.01071
-0.02988
-0.03040
-0.01895
-0.04028
-0.04477
-0.06689
-0.06424
-0.03940
-0.04904
-0.05615
-0.07950
-0.06812
-0.05658
-0.07074
-0.05521
-0.06958
-0.05539
-0.04950
-0.08240
-0.05756
-0.05804
-0.03568
-0.03729
-0.06631
-0.05362
-0.05206
-0.01935
-0.03622
-0.03574
-0.03516
-0.03424
-0.01495
-0.02924
-0.01569
-0.01022
-0.00330
-0.00314
-0.01111
0.00024
0.01376
0.02481
0.02115
0.01819
0.02496
0.03510
0.03809
0.04584
0.05005
0.05426
0.04990
0.04788
0.05334
0.06906
0.06845
0.05902
0.05341
0.04913
0.06311
0.05551
0.05679
0.04175
0.04483
0.03775
0.02698
0.03528
0.01852
0.03320
0.00949
0.00092
0.00665
-0.00211
0.00812
-0.00778
-0.01443
-0.01093
-0.01608
-0.01126
-0.01797
-0.01413
-0.01538
-0.01639
-0.02185
-0.02292
-0.00580
-0.00720
-0.01108
-0.01801
-0.02036
-0.00308
0.00143
-0.00433
-0.00360
-0.00940
-0.00507
0.00455
0.00229
0.01083
0.00128
0.00040
0.00443
0.00705
0.02249
0.00525
0.01904
0.00919
0.01074
0.01828
0.00369
0.05127
0.02731
0.01309
-0.00391
0.00275
0.06400
0.04681
0.02325
-0.02078
0.01376
0.03705
0.04037
0.01767
-0.01276
0.02328
0.01288
0.00381
-0.01199
-0.00485
0.00940
-0.00183
-0.02234
-0.03775
-0.01593
-0.02826
-0.03024
-0.02774
-0.04187
-0.03976
-0.06055
-0.05673
-0.03809
-0.03696
-0.05588
-0.07428
-0.06406
-0.04654
-0.04144
-0.05820
-0.06787
-0.05829
-0.03986
-0.05371
-0.05093
-0.04758
-0.04132
-0.03000
-0.05051
-0.03580
-0.03009
-0.01697
-0.01886
-0.02725
-0.00970
-0.01355
0.00424
-0.00064
0.00189
0.01910
0.01260
0.01962
0.01730
0.03702
0.04144
0.03842
0.02881
0.03616
0.05823
0.05930
0.05237
0.04224
0.04721
0.05579
0.06372
0.05392
0.05420
0.05032
0.04691
0.04755
0.04828
0.04718
0.04663
0.03351
0.03537
0.03403
0.02838
0.02435
0.01550
0.03024
0.01886
0.01306
-0.00888
-0.00159
0.01645
0.00525
-0.00516
-0.03256
-0.01385
-0.00314
-0.00711
-0.02997
-0.03897
-0.02310
-0.01645
-0.01889
-0.04318
-0.04285
-0.01730
-0.02164
-0.01678
-0.04037
-0.03101
-0.01224
-0.00513
-0.00235
-0.01617
0.00070
-0.00555
0.01819
0.02298
0.02271
0.03104
0.01801
0.03790
0.04895
0.05585
0.04105
0.04089
0.05554
0.06351
0.06549
0.03348
0.03616
0.05597
0.05768
0.04437
0.01367
0.01291
0.02173
0.02814
-0.00104
-0.02051
-0.01666
-0.02689
-0.02258
-0.05090
-0.05655
-0.05667
-0.06366
-0.07657
-0.08603
-0.08261
-0.08670
-0.08676
-0.10138
-0.10275
-0.09015
-0.09280
-0.08875
-0.09637
-0.08759
-0.08038
-0.07288
-0.06851
-0.07159
-0.05023
-0.04913
-0.03400
-0.03415
-0.03174
-0.01129
-0.00739
0.00919
0.00357
0.01907
0.02100
0.03296
0.04031
0.03775
0.05756
0.05173
0.06345
0.06076
0.06381
0.07349
0.06821
0.08221
0.07126
0.08087
0.07385
0.07047
0.08142
0.07254
0.08246
0.06427
0.06152
0.06229
0.06097
0.06528
0.04514
0.04419
0.03369
0.02988
0.03238
0.01971
0.01715
0.00412
-0.01010
-0.00800
-0.01208
-0.01297
-0.02399
-0.04001
-0.03961
-0.03958
-0.03802
-0.04718
-0.05441
-0.04709
-0.05243
-0.04526
-0.05542
-0.05243
-0.03632
-0.04749
-0.03171
-0.04550
-0.02881
-0.02206
-0.02103
-0.01328
-0.01965
0.00015
-0.00275
0.00690
0.00980
0.00830
0.02274
0.01587
0.02600
0.02606
0.02841
0.03171
0.03125
0.03235
0.02875
0.03186
0.03076
0.03021
0.03094
0.02151
0.02179
0.02078
0.01776
0.01483
0.00916
0.00439
0.00751
0.00018
-0.00403
-0.01105
-0.01031
-0.00986
-0.01776
-0.01797
-0.02695
-0.01846
-0.02698
-0.03146
-0.03061
-0.03085
-0.02542
-0.03326
-0.03854
-0.03772
-0.03122
-0.02747
-0.03516
-0.03415
-0.03833
-0.03061
-0.02853
-0.02881
-0.02670
-0.02985
-0.02863
-0.02505
-0.02255
-0.01941
-0.01880
-0.01190
-0.01385
-0.01208
-0.01627
-0.00653
0.00342
0.01239
0.00714
0.00262
0.00681
0.01620
0.03027
0.02795
0.02939
0.03229
0.03934
0.04602
0.03949
0.03436
0.04181
0.05780
0.08899
0.05457
0.02408
0.01300
0.04843
0.10361
0.07724
0.02676
-0.01437
0.02679
0.05368
0.06384
0.02121
-0.00806
0.01590
0.00287
0.00693
-0.01257
-0.00214
-0.00089
-0.01141
-0.03229
-0.04297
-0.02655
-0.03339
-0.02390
-0.02310
-0.04196
-0.05081
-0.06516
-0.04422
-0.01175
-0.01740
-0.04620
-0.06720
-0.05099
-0.01904
-0.00644
-0.02295
-0.03470
-0.02939
-0.01682
-0.01666
-0.00876
0.00119
0.00424
0.00714
-0.00705
-0.00186
0.01566
0.01990
0.03152
0.02155
0.02344
0.02054
0.02182
0.03275
0.03824
0.04462
0.03180
0.02509
0.02704
0.03473
0.03595
0.02945
0.02338
0.02591
0.02362
0.01428
0.00330
0.00372
0.01202
0.01016
-0.00015
-0.02756
-0.02789
-0.01996
-0.01138
-0.01309
-0.03989
-0.05206
-0.05167
-0.03860
-0.03110
-0.04126
-0.05182
-0.05966
-0.05453
-0.04611
-0.04782
-0.03510
-0.04391
-0.04135
-0.03943
-0.04556
-0.02536
-0.02573
-0.01053
-0.01053
-0.01434
-0.01508
-0.01364
0.01025
0.01974
0.02545
0.01166
0.00647
0.02115
0.03656
0.04355
0.03967
0.03473
0.03958
0.04425
0.04364
0.05151
0.05518
0.06091
0.04831
0.04373
0.05386
0.05804
0.06848
0.05042
0.04568
0.05222
0.04953
0.05518
0.04007
0.04971
0.03995
0.04132
0.02130
0.01956
0.03030
0.02673
0.02188
-0.00638
-0.00949
-0.00818
-0.00076
-0.00970
-0.02499
-0.03043
-0.04068
-0.03690
-0.04587
-0.04489
-0.04535
-0.05341
-0.05597
-0.06558
-0.05627
-0.06018
-0.05182
-0.06195
